Filename,Negative Sentiment,Neutral Sentiment,Positive Sentiment,Compound Sentiment
11_05_20_ChuckawallaValley_06_41.txt,0.092,0.785,0.123,0.9964
12_28_20_Chowchilla_148.txt,0.09,0.793,0.116,0.9147
12_29_20_Ironwood_157.txt,0.07,0.772,0.157,0.9956
12_30_20_Ironwood_156.txt,0.138,0.72,0.141,-0.0711
Alameda_SantaRita_20210505_708_Family_Programs_Stress.txt,0.056,0.835,0.108,0.9827
Alameda_SantaRita_20210505_708_FULL.txt,0.054,0.826,0.12,0.9988
Alameda_SantaRita_20210505_708_Infection_PrisonConditions1.txt,0.105,0.864,0.032,-0.989
Alameda_SantaRita_20210505_708_PrisonConditions2.txt,0.011,0.942,0.047,0.78
Alameda_SantaRita_20211104_17377_FULL.txt,0.052,0.792,0.156,0.9992
Alameda_SantaRita_20211104_17377_Stress.txt,0.055,0.866,0.079,0.4086
Alameda_SantaRita_20211112_94071_FULL.txt,0.065,0.819,0.116,0.992
Alameda_SantaRita_20211112_94071_Infection_PrisonConditions.txt,0.069,0.836,0.095,-0.3463
Alameda_SantaRita_20211117_77131_FULL.txt,0.106,0.769,0.125,0.986
Alameda_SantaRita_20211117_77131_PrisonConditions2_Featured.txt,0.14,0.779,0.081,-0.9923
Alameda_SantaRita_20211117_77131_PrisonConditions_Family_Featured.txt,0.067,0.793,0.14,0.9857
Alameda_SantaRita_20211208_13170_FULL.txt,0.041,0.794,0.165,0.9847
Alameda_SantaRita_20211208_13170_PrisonConditions.txt,0.051,0.811,0.138,0.9537
Alameda_SantaRita_20211208_79927_FULL.txt,0.026,0.838,0.136,0.9982
Alameda_SantaRita_20211208_79927_Infection.txt,0.042,0.864,0.094,0.8806
Alameda_SantaRita_20211208_79927_Programs_Infection.txt,0.023,0.872,0.105,0.984
Alameda_SantaRita_20220113_78977_FULL.txt,0.074,0.799,0.127,0.9987
Alameda_SantaRita_20220113_78977_PrisonConditions2_Stress.txt,0.042,0.788,0.17,0.9917
Alameda_SantaRita_20220113_78977_PrisonConditions_Infection.txt,0.09,0.83,0.08,0.3574
Alameda_SantaRita_20220113_78977_Stress2_PrisonConditions3.txt,0.075,0.778,0.147,0.9625
Alameda_SantaRita_20220225_43871_FULL.txt,0.07,0.853,0.077,0.6405
Alameda_SantaRita_20220225_43871_Infection2_PrisonConditions2.txt,0.049,0.904,0.047,-0.4871
Alameda_SantaRita_20220225_43871_Infection3_PrisonConditions3_Featured.txt,0.085,0.875,0.039,-0.9469
Alameda_SantaRita_20220225_43871_Infection_PrisonConditions.txt,0.044,0.92,0.036,-0.3662
Alameda_SantaRita_20220225_43871_PrisonConditions_Stress_Featured.txt,0.097,0.859,0.044,-0.975
Alameda_SantaRita_20220225_68847_FULL.txt,0.038,0.823,0.139,0.9988
Alameda_SantaRita_20220225_68847_PrisonConditions2.txt,0.028,0.838,0.133,0.9934
Alameda_SantaRita_20220225_68847_PrisonConditions_Infection.txt,0.043,0.89,0.068,0.8599
Amador_Main_20210831_95905_Family.txt,0.019,0.924,0.057,0.7783
Amador_Main_20210831_95905_FULL.txt,0.054,0.784,0.162,0.9984
Amador_Main_20210831_95905_PrisonConditions.txt,0.09,0.799,0.111,0.7962
Amador_Main_20210914_87709_FULL.txt,0.06,0.81,0.13,0.9946
Amador_Main_20210914_87709_Infection_PrisonConditions.txt,0.065,0.881,0.054,-0.4976
Amador_Main_20210914_87709_Stress_Featured.txt,0.088,0.841,0.071,-0.9058
Avenal_20201030_7_01_Family.txt,0.047,0.85,0.104,0.6705
Avenal_20201030_7_01_FULL.txt,0.059,0.818,0.122,0.9986
Avenal_20201030_7_01_Infection.txt,0.019,0.925,0.056,0.6652
Avenal_20201030_7_01_PrisonConditions.txt,0.039,0.911,0.049,0.2821
Avenal_20201030_7_01_PrisonConditions2.txt,0.04,0.873,0.087,0.8151
Avenal_20201030_7_01_PrisonConditions3.txt,0.045,0.918,0.037,-0.2632
Avenal_20201030_7_01_PrisonConditions4.txt,0.09,0.754,0.157,0.6808
Avenal_20201030_7_01_PrisonConditions5.txt,0.021,0.848,0.131,0.9818
Avenal_20201105_07_12_Family.txt,0.043,0.826,0.131,0.9416
Avenal_20201105_07_12_FULL.txt,0.05,0.797,0.153,0.9995
Avenal_20201105_07_12_Infection.txt,0.05,0.852,0.098,0.7757
Avenal_20201105_07_12_PrisonConditions.txt,0.029,0.84,0.131,0.9461
Avenal_20201105_07_12_PrisonConditions2.txt,0.066,0.793,0.141,0.9967
Avenal_20201105_07_12_Programs.txt,0.016,0.895,0.089,0.8243
Avenal_20201105_0830_Family.txt,0.009,0.909,0.083,0.9551
Avenal_20201105_0830_Full.txt,0.044,0.873,0.083,0.9984
Avenal_20201105_0830_Infection1.txt,0.058,0.891,0.051,0.1406
Avenal_20201105_0830_Infection2.txt,0.05,0.884,0.066,0.8402
Avenal_20201105_0830_PrisonConditions.txt,0.012,0.93,0.058,0.8875
Avenal_20201105_0830_PrisonConditions2.txt,0.017,0.945,0.038,0.6697
Avenal_20201105_08_11_FULL.txt,0.092,0.857,0.051,-0.996
Avenal_20201105_08_11_Infection_PrisonConditions.txt,0.091,0.832,0.077,-0.7264
Avenal_20201105_08_11_PrisonConditions.txt,0.04,0.885,0.075,0.952
Avenal_20201105_08_11_PrisonConditions_Infection.txt,0.076,0.86,0.063,-0.7579
Avenal_20201106_623_Family.txt,0.042,0.838,0.12,0.9839
Avenal_20201106_623_FULL.txt,0.062,0.796,0.142,0.9994
Avenal_20201106_623_PrisonConditions.txt,0.046,0.848,0.107,0.9876
Avenal_20201106_623_PrisonConditions2.txt,0.084,0.801,0.115,0.935
Avenal_20201106_623_Stress.txt,0.055,0.824,0.121,0.9078
Avenal_20201110_08_13_Family.txt,0.063,0.837,0.101,0.6992
Avenal_20201110_08_13_FULL.txt,0.076,0.798,0.125,0.9977
Avenal_20201110_08_13_Infection.txt,0.101,0.814,0.085,-0.9103
Avenal_20201110_08_13_PrisonConditions.txt,0.015,0.821,0.165,0.9913
Avenal_20201110_08_13_PrisonConditions2.txt,0.056,0.787,0.157,0.9759
Avenal_20201110_08_13_PrisonConditions3.txt,0.089,0.825,0.086,0.5226
Avenal_20201110_7_51_Family.txt,0.089,0.786,0.125,0.4874
Avenal_20201110_7_51_FULL.txt,0.077,0.812,0.111,0.9969
Avenal_20201110_7_51_Infection.txt,0.097,0.817,0.086,-0.8776
Avenal_20201110_7_51_PrisonConditions.txt,0.03,0.908,0.062,0.9687
Avenal_20201110_7_51_PrisonConditions2.txt,0.14,0.787,0.073,-0.9836
Avenal_20201110_7_51_PrisonConditions3.txt,0.046,0.81,0.144,0.9914
Avenal_20201110_7_51_Stress.txt,0.066,0.859,0.074,-0.2648
Avenal_20201113_7_18_FULL.txt,0.095,0.739,0.165,0.998
Avenal_20201113_7_18_PrisonConditions1.txt,0.047,0.812,0.141,0.9736
Avenal_20201113_7_18_PrisonConditions2.txt,0.129,0.678,0.193,0.9621
Avenal_20201113_7_18_Stress.txt,0.102,0.728,0.17,0.8243
Avenal_20210317_8_31_Full.txt,0.118,0.738,0.144,0.9934
Avenal_20210317_8_31_Infection1.txt,0.161,0.748,0.091,-0.9873
Avenal_20210317_8_31_Infection2.txt,0.133,0.749,0.118,-0.8778
Avenal_20210317_8_31_PrisonConditions.txt,0.087,0.795,0.118,0.9297
Avenal_20210317_8_31_Stress_Featured.txt,0.151,0.766,0.083,-0.9883
Avenal_20210326_6_51_Full.txt,0.071,0.838,0.091,0.9879
Avenal_20210326_6_51_Infection.txt,0.096,0.844,0.059,-0.9783
Avenal_20210326_6_51_PrisonConditions1.txt,0.022,0.924,0.054,0.9065
Avenal_20210326_6_51_PrisonConditions2.txt,0.067,0.914,0.019,-0.9621
Avenal_20210326_6_51_Programs_Infection2.txt,0.106,0.833,0.061,-0.9727
Avenal_20210326_6_51_Stress_Infection3.txt,0.041,0.802,0.156,0.9887
Avenal_20210518_5_22_FULL_Infection_PrisonConditions_Stress.txt,0.027,0.735,0.238,0.9993
Avenal_20210916_71906_P1_FULL.txt,0.056,0.802,0.143,0.9995
Avenal_20210916_71906_P1_PrisonConditions_Family_Infection.txt,0.076,0.867,0.057,-0.9014
Avenal_20210916_71906_P1_Programs2_Infection2_Featured.txt,0.061,0.761,0.178,0.998
Avenal_20210916_71906_P1_Stress_ Infection3_Programs.txt,0.06,0.829,0.11,0.9759
Avenal_20210916_71906_P2_FULL.txt,0.055,0.827,0.118,0.9992
Avenal_20210916_71906_P2_Infection2_PrisonConditions2_Featured2.txt,0.068,0.813,0.119,0.9829
Avenal_20210916_71906_P2_Infection_PrisonConditions_Featured.txt,0.039,0.866,0.095,0.9889
Avenal_20210916_71906_P2_PrisonConditions2.txt,0.023,0.892,0.086,0.9486
Avenal_20210916_71906_P3_FULL.txt,0.082,0.75,0.169,0.9997
Avenal_20210916_71906_P3_PrisonConditions_Stress.txt,0.093,0.854,0.054,-0.9732
Avenal_20210916_71906_P3_Stress_PrisonConditions_Family.txt,0.085,0.875,0.04,-0.9127
Butte_Main_20220105_13697_FULL.txt,0.092,0.731,0.177,0.9996
Butte_Main_20220105_13697_Infection1_Stress1.txt,0.123,0.703,0.173,0.932
Butte_Main_20220105_13697_Programs.txt,0.01,0.901,0.089,0.9384
Butte_Main_20220105_13697_Stress2_Family.txt,0.144,0.67,0.186,0.7689
Butte_Main_20220105_13697_Stress3_PrisonConditions.txt,0.097,0.849,0.054,-0.8131
Butte_Main_20220105_13697_Stress4_Infection2.txt,0.09,0.767,0.143,0.9819
Butte_Main_20220105_59841_Family_Stress.txt,0.057,0.778,0.165,0.9911
Butte_Main_20220105_59841_FULL.txt,0.081,0.697,0.222,0.9999
Butte_Main_20220105_59841_PrisonConditions.txt,0.113,0.728,0.159,0.9559
CaliforniaCity_20210426_816_Full_ProgramsFamily.txt,0.018,0.778,0.203,0.9971
CaliforniaCity_20210426_860_FULL.txt,0.079,0.779,0.142,0.9987
CaliforniaCity_20210426_860_PrisonConditionsFamilyInfection1.txt,0.091,0.795,0.115,0.8043
CaliforniaCity_20210426_860_PrisonConditionsFamilyInfection2.txt,0.062,0.834,0.104,0.9796
CaliforniaCity_20210426_860_StressPrisonConditionsPrograms.txt,0.088,0.704,0.208,0.9953
CaliforniaCity_20210428_851_FULL.txt,0.092,0.808,0.1,0.744
CaliforniaCity_20210428_851_PrisonConditionsInfection.txt,0.121,0.854,0.025,-0.9949
CaliforniaCity_20210428_851_ProgramsStressInfection.txt,0.065,0.783,0.152,0.9925
CaliforniaCity_20210428_855_FULL.txt,0.055,0.851,0.093,0.9797
CaliforniaCity_20210428_855_ProgramsPrisonConditions.txt,0.037,0.915,0.048,0.354
CaliforniaCity_20210428_855_ProgramsPrisonConditionsFamily.txt,0.063,0.854,0.082,0.7172
CaliforniaCity_20210505_1771_FULL.txt,0.051,0.747,0.202,0.9973
CaliforniaCity_20210528_1542_FULL_Family_Stress.txt,0.189,0.682,0.129,-0.9485
CaliforniaCity_20210604_821_FULL_Programs_Infection.txt,0.073,0.801,0.126,0.9571
CaliforniaCity_20210609_844_Family2_Stress_Programs1.txt,0.048,0.773,0.179,0.9819
CaliforniaCity_20210609_844_Family_PrisonConditions.txt,0.045,0.736,0.22,0.999
CaliforniaCity_20210609_844_FULL.txt,0.044,0.747,0.209,0.9999
CaliforniaCity_20210609_844_Infection.txt,0.071,0.796,0.133,0.9507
CaliforniaCity_20210609_844_Programs.txt,0.033,0.805,0.162,0.9837
CaliforniaCity_20210617_624_FULL.txt,0.029,0.89,0.082,0.9985
CaliforniaCity_20210617_624_PrisonConditions2_Infection.txt,0.009,0.903,0.088,0.9493
CaliforniaCity_20210617_624_Programs2.txt,0.025,0.902,0.073,0.9571
CaliforniaCity_20210617_624_Programs_PrisonConditions.txt,0.026,0.941,0.033,-0.3497
CaliforniaCity_20210617_714_Family_Programs.txt,0.109,0.768,0.123,0.7941
CaliforniaCity_20210617_714_FULL.txt,0.06,0.778,0.162,0.9996
CaliforniaCity_20210617_714_Infection1_PrisonConditions.txt,0.084,0.842,0.075,-0.9069
CaliforniaCity_20210617_714_Stress1_Programs2.txt,0.048,0.836,0.116,0.9667
CaliforniaCity_20210617_714_Stress2_Infection.txt,0.063,0.77,0.167,0.996
CaliforniaCity_20210623_1123_FULL.txt,0.122,0.676,0.202,0.9566
Calipatria_ 20210208_351_Full.txt,0.116,0.706,0.178,0.978
Calipatria_ 20210208_351_Stress.txt,0.093,0.779,0.128,0.6151
Calipatria_20210122_06_48_Family.txt,0.069,0.858,0.073,-0.3056
Calipatria_20210122_06_48_FULL.txt,0.042,0.794,0.163,0.9998
Calipatria_20210122_06_48_Infection.txt,0.098,0.732,0.17,0.9541
Calipatria_20210122_06_48_PrisonConditions1.txt,0.051,0.781,0.168,0.9965
Calipatria_20210122_06_48_PrisonConditions2.txt,0.04,0.818,0.142,0.9927
Calipatria_20210122_06_48_Stress_Programs.txt,0.041,0.837,0.122,0.968
Calipatria_20210124_314_FULL.txt,0.097,0.651,0.252,0.9987
Calipatria_20210124_314_Infections_Family.txt,0.131,0.701,0.168,0.963
Calipatria_20210125_313_FULL.txt,0.149,0.719,0.132,-0.9235
Calipatria_20210125_313_PrisonConditions_Infections.txt,0.163,0.715,0.122,-0.976
Calipatria_20210127_335_Family_Stress.txt,0.106,0.776,0.118,0.0548
Calipatria_20210127_335_FULL.txt,0.103,0.719,0.178,0.9962
Calipatria_20210127_335_Infections.txt,0.081,0.809,0.11,0.5771
Calipatria_20210127_335_PrisonConditions_Stress_Feature.txt,0.08,0.818,0.102,0.5687
Calipatria_20210129_309_FULL_Infection_Stress.txt,0.051,0.851,0.099,0.9557
Calipatria_20210129_369_FULL_PrisonConditions_Stress.txt,0.107,0.719,0.174,0.9892
Calipatria_20210201_374_FULL_Infection.txt,0.067,0.777,0.156,0.9796
Calipatria_20210201_376_FULL_Family_Programs.txt,0.082,0.769,0.149,0.989
Calipatria_20210203_383_FULL.txt,0.194,0.673,0.133,-0.9985
Calipatria_20210203_383_PrisonConditions_Family.txt,0.172,0.736,0.092,-0.9896
Calipatria_20210203_384_FULL.docx,0.111,0.698,0.191,0.9324
Calipatria_20210203_384_FULL.txt,0.113,0.708,0.18,0.906
Calipatria_20210203_384_FULL_Stress.txt,0.125,0.694,0.181,0.8777
Calipatria_20210203_384_PrisonConditionsStress.txt,0.112,0.709,0.179,0.906
Calipatria_20210204_378_FULL_Infections_PrisonConditions_StressandCoping.txt,0.065,0.787,0.148,0.9872
Calipatria_20210205_387_FULL.txt,0.15,0.705,0.145,0.1646
Calipatria_20210205_387_Infection_Stress.txt,0.191,0.765,0.044,-0.9648
Calipatria_20210205_389a_full.txt,0.076,0.817,0.107,0.851
Calipatria_20210205_389b_full.txt,0.161,0.725,0.115,-0.986
Calipatria_20210205_390_FULL_PrisonConditions_Stress.txt,0.112,0.699,0.189,0.91
Calipatria_20210208_350_Full_Infection_Family.txt,0.122,0.668,0.211,0.9924
Calipatria_20210208_351_ prisonconditions_programs.txt,0.128,0.699,0.172,0.9255
Calipatria_20210208_352_FULL.txt,0.054,0.793,0.153,0.9839
Calipatria_20210210_360_FULL.txt,0.079,0.702,0.219,0.9996
Calipatria_20210210_360_InfectionPrisonConditonsStress.txt,0.107,0.744,0.149,0.9505
Calipatria_20210211_445_FULL.txt,0.097,0.798,0.105,0.5676
Calipatria_20210211_445_FULL_Infections_Programs_PrisonConditions.txt,0.091,0.82,0.089,-0.5734
Calipatria_20210211_445_Infections_Programs.txt,0.103,0.75,0.147,0.8751
Calipatria_20210211_445_PrisonConditions.txt,0.089,0.871,0.04,-0.9633
Calipatria_20210212_436_Full.txt,0.074,0.804,0.122,0.9839
Calipatria_20210212_436_Stress_Family_PrisonConditions.txt,0.102,0.842,0.056,-0.7797
Calipatria_20210212_437_FULL.txt,0.059,0.837,0.103,0.9876
Calipatria_20210212_437_Stress.txt,0.056,0.824,0.12,0.9754
Calipatria_20210216_418_FULL_Programms_Infection.txt,0.06,0.788,0.152,0.9809
Calipatria_20210217_07_39_Family.txt,0.062,0.757,0.181,0.9876
Calipatria_20210217_07_39_full.txt,0.067,0.725,0.208,0.9998
Calipatria_20210217_07_39_Infection.txt,0.048,0.804,0.148,0.9809
Calipatria_20210217_07_39_PrisonConditions.txt,0.032,0.818,0.15,0.9816
Calipatria_20210217_07_39_PrisonConditions2.txt,0.104,0.708,0.188,0.9945
Calipatria_20210222_3_32_FULL_PrisonConditions.txt,0.175,0.651,0.175,0.0
Calipatria_20210222_458_FULL_Infection_PrisonConditions.txt,0.081,0.75,0.168,0.9763
Calipatria_20210222_487a_FULL_Family_Programs_PrisonConditions.txt,0.103,0.737,0.16,0.9832
Calipatria_20210304_528_FULL_Infection_PrisonConditions.txt,0.073,0.882,0.045,-0.8253
Calipatria_20210304_533_FULL.txt,0.138,0.657,0.204,0.8628
Calipatria_20210312_658_Full.txt,0.079,0.763,0.158,0.9986
Calipatria_20210312_658_ProgramsPrisonConditions.txt,0.064,0.806,0.13,0.9901
Calipatria_20210316_552_FULL.txt,0.137,0.693,0.17,0.997
Calipatria_20210316_552_PrisonConditions_Programs.txt,0.057,0.761,0.182,0.9953
Calipatria_20210316_553_FULL_Infection_Programs_PrisonConditions.txt,0.092,0.724,0.184,0.9663
Calipatria_20210323_644_Full.docx,0.186,0.74,0.074,-0.9994
Calipatria_20210323_644_Full.txt,0.179,0.747,0.074,-0.9993
Calipatria_20210323_644_PrisonConditions.txt,0.202,0.732,0.066,-0.9986
Calipatria_20210329_598_FULL.txt,0.102,0.743,0.155,0.9939
Calipatria_20210329_598_PrisonConditions.txt,0.113,0.749,0.138,0.9661
Calipatria_20210401_605.docx,0.073,0.813,0.114,0.99
Calipatria_20210401_605_Full.txt,0.073,0.812,0.114,0.99
Calipatria_20210401_605_Infection_PrisonConditions.txt,0.077,0.81,0.113,0.9376
Calipatria_20210401_605_PrisonConditions.txt,0.061,0.894,0.045,-0.6863
Calipatria_20210406_964_Family_Stress.txt,0.196,0.659,0.145,-0.9553
Calipatria_20210406_964_FULL.txt,0.116,0.729,0.156,0.9805
Calipatria_20210406_964_Stress_PrisonConditions.txt,0.017,0.789,0.194,0.9928
Calipatria_20210503_1130_Family.txt,0.059,0.776,0.165,0.9968
Calipatria_20210503_1130_FULL.txt,0.059,0.776,0.165,0.9968
Calipatria_20210503_1130_prison Conditions.txt,0.086,0.815,0.099,0.7389
Calipatria_20210503_1130_Stress.txt,0.031,0.744,0.225,0.9947
Calipatria_20210629_1477_Family.txt,0.039,0.733,0.228,0.9947
Calipatria_20210629_1477_FULL.txt,0.028,0.734,0.238,0.9979
Calipatria_20210712_1492_FULL.txt,0.053,0.725,0.222,0.9884
Centinela_20201123_070_FULL.txt,0.076,0.865,0.059,-0.9006
Centinela_20201204_82_PrisonConditions.txt,0.154,0.769,0.077,-0.9949
Centinela_20210121_05_38_Family.txt,0.105,0.776,0.12,0.7596
Centinela_20210121_05_38_FULL.txt,0.085,0.729,0.187,0.9988
Centinela_20210121_05_38_Infection.txt,0.018,0.836,0.145,0.9883
Centinela_20210121_05_38_Prison Conditions.txt,0.116,0.722,0.162,0.8925
Centinela_20210223_452_Full.txt,0.107,0.725,0.167,0.9957
Centinela_20210223_452_PrisonConditions_Infection.txt,0.101,0.784,0.115,0.2666
Centinela_20210223_452_Programs_Family.txt,0.076,0.762,0.161,0.9876
Centinela_20210331_615_FULL.txt,0.055,0.783,0.163,0.9986
Centinela_20210331_615_Infection_Stress.txt,0.061,0.734,0.205,0.995
Centinela_20210331_615_Programs.txt,0.028,0.926,0.046,0.7372
Centinela_20210412_57555_FULL.txt,0.031,0.846,0.123,0.9995
Centinela_20210412_57555_PrisonConditions.txt,0.03,0.892,0.078,0.8922
Centinela_20210412_57555_Programs.txt,0.028,0.897,0.075,0.9552
Centinela_20210412_57555_Programs2.txt,0.049,0.761,0.19,0.9954
Centinela_20210412_57555_Stress.txt,0.046,0.886,0.068,0.8012
Centinela_20210420_705_Full.txt,0.09,0.749,0.161,0.9989
Centinela_20210420_705_PrisonConditions.txt,0.025,0.832,0.143,0.9887
Centinela_20210420_705_PrisonConditions_Family_Infection.txt,0.131,0.75,0.119,-0.9108
Centinela_20210420_705_Stress_Family_PrisonConditions.txt,0.042,0.809,0.15,0.98
Centinela_20210420_705_Stress_Infection.txt,0.141,0.696,0.163,0.7147
Chino_20200430_72_Family.txt,0.113,0.833,0.054,-0.4588
Chino_20200430_72_FULL.txt,0.094,0.842,0.064,-0.9494
Chino_20200430_72_infection.txt,0.098,0.838,0.064,-0.7152
Chino_20200430_72_prisonconditions.txt,0.074,0.916,0.011,-0.9429
Chino_20200828_136_family.txt,0.0,1.0,0.0,0.0
Chino_20200828_136_FULL.txt,0.066,0.677,0.257,0.9966
Chino_20200828_136_Prisonconditions.txt,0.177,0.664,0.159,-0.3222
Chino_20201130_074_Full.txt,0.157,0.751,0.092,-0.9992
Chino_20201130_074_PrisonConditions_Infection.txt,0.065,0.87,0.064,0.4926
Chino_20201130_074_Stress.txt,0.126,0.784,0.09,-0.9246
Chino_20201130_97_FULL.txt,0.076,0.787,0.137,0.9742
Chino_20201201_103_Full.txt,0.05,0.735,0.215,0.9991
Chino_20201201_103_PrisonConditions.txt,0.12,0.805,0.074,-0.9207
Chino_20201201_103_Stress_Family.txt,0.044,0.776,0.181,0.9936
Chino_20201201_104_FULL.txt,0.083,0.776,0.141,0.9871
Chino_20201201_104_Prison_Conditions1.txt,0.07,0.809,0.122,0.8891
Chino_20201201_104_Prison_Conditions2.txt,0.097,0.772,0.131,0.8928
Chino_20201201_233_FULL.txt,0.128,0.815,0.057,-0.9996
Chino_20201201_233_Infection1.txt,0.099,0.886,0.014,-0.9905
Chino_20201201_233_Infection2.txt,0.083,0.877,0.04,-0.915
Chino_20201201_233_PrisonConditions1.txt,0.164,0.783,0.053,-0.9961
Chino_20201201_233_PrisonConditions2.txt,0.058,0.912,0.03,-0.8774
Chino_20201201_233_Stress_PrisonConditions.txt,0.1,0.798,0.102,-0.6319
Chino_20201205_92_Family.txt,0.0,0.926,0.074,0.6249
Chino_20201205_92_FULL.txt,0.101,0.801,0.098,-0.9615
Chino_20201205_92_PrisonConditions1.txt,0.0,0.946,0.054,0.7748
Chino_20201205_92_PrisonConditions2.txt,0.062,0.858,0.08,0.7906
Chino_20201205_92_Stress.txt,0.106,0.857,0.037,-0.9371
Chino_20201208_05_53_FULL.txt,0.102,0.845,0.052,-0.9986
Chino_20201208_05_53_Infection.txt,0.031,0.908,0.061,0.4641
Chino_20201208_05_53_PrisonConditions.txt,0.058,0.851,0.091,0.9815
Chino_20201208_05_53_PrisonConditions2.txt,0.075,0.894,0.031,-0.9673
Chino_20201208_05_53_Stress.txt,0.174,0.813,0.013,-0.9756
Chino_20201208_05_53_Stress2.txt,0.093,0.824,0.084,0.2515
Chino_20201209_05_35_FULL_PrisonConditions.txt,0.212,0.788,0.0,-0.8658
Chino_20201209_139_FullPrograms.txt,0.04,0.84,0.12,0.9093
Chino_20201209_5_35_FULL_PrisonConditions.txt,0.319,0.681,0.0,-0.9274
Chino_20201211_0615_Family_Stress.txt,0.066,0.693,0.241,0.9627
Chino_20201211_0615_FULL.txt,0.108,0.815,0.077,-0.978
Chino_20201211_0615_Infection.txt,0.055,0.816,0.129,0.9648
Chino_20201211_0615_PrisonConditions.txt,0.111,0.85,0.04,-0.9929
Chino_20201213_137_FULL_Infection_Stress.txt,0.139,0.767,0.095,-0.971
Chino_20201214_138_FULL_Programs_PrisonConditions.txt,0.053,0.837,0.11,0.9819
Chino_20201214_140_FULL.txt,0.134,0.787,0.078,-0.9986
Chino_20201214_140_Prison Conditions.txt,0.136,0.795,0.069,-0.9669
Chino_20201216_06_02_Family.txt,0.106,0.793,0.101,0.3222
Chino_20201216_06_02_FULL.txt,0.069,0.815,0.116,0.9988
Chino_20201216_06_02_Infection.txt,0.054,0.804,0.142,0.9906
Chino_20201216_06_02_PrisonConditions.txt,0.066,0.823,0.111,0.9923
Chino_20201218_174_FULL.txt,0.045,0.846,0.109,0.9608
Chino_20201218_206_Full_PrisonConditions.txt,0.134,0.748,0.119,-0.3247
Chino_20201223_207_FULL.txt,0.121,0.814,0.064,-0.9951
Chino_20201223_207_Infections.txt,0.146,0.8,0.054,-0.9861
Chino_20201223_207_programs.txt,0.075,0.881,0.044,-0.7665
Chino_20201223_207_Stress.txt,0.168,0.733,0.099,-0.9627
Chino_20201223_208_Full.txt,0.098,0.759,0.143,0.9861
Chino_20201223_209_FULL.docx,0.072,0.822,0.106,0.9877
Chino_20201223_209_FULL.txt,0.084,0.817,0.099,0.9587
Chino_20201223_209_PrisonConditions_Infection.txt,0.133,0.766,0.101,-0.6611
Chino_20201223_209_Programs_Infection.txt,0.039,0.899,0.062,0.4889
Chino_20201223_209_Programs_PrisonConditions_Infection.txt,0.066,0.866,0.068,0.5327
Chino_20201228_178_Full_PrisonConditions_Infection.txt,0.21,0.711,0.079,-0.9937
Chino_20201231_186_FULL.txt,0.142,0.74,0.117,-0.9921
Chino_20201231_186_Infections_PrisonConditions_A.txt,0.094,0.755,0.151,0.974
Chino_20201231_186_PrisonConditions_B.txt,0.174,0.708,0.118,-0.9712
Chino_20201231_186_PrisonConditions_C.txt,0.161,0.748,0.091,-0.9763
Chino_20201231_186_Stress_Family.txt,0.208,0.708,0.084,-0.9615
Chino_20201231_201_FULL.txt,0.1,0.726,0.175,0.9987
Chino_20201231_201_Infection.txt,0.148,0.714,0.137,-0.0
Chino_20201231_201_Infection_Stress.txt,0.118,0.763,0.119,-0.4373
Chino_20201231_201_PrisonConditions.txt,0.086,0.85,0.064,-0.5849
Chino_20201231_201_Programs.txt,0.022,0.82,0.158,0.9287
Chino_20201231_201_Stress.txt,0.148,0.749,0.103,-0.8136
Chino_20210106_249_Full_Family.txt,0.044,0.84,0.116,0.8565
Chino_20210312_659_FULL_PrisonConditions_Stress.txt,0.131,0.777,0.092,-0.9348
Chino_20211209_113_Full_ programs_PrisonConditions.txt,0.03,0.791,0.179,0.9778
Chino_20220204_15904_FULL.txt,0.041,0.787,0.172,0.9958
Chino_20220204_15904_Infection.txt,0.033,0.825,0.142,0.9894
Chino_20220204_43800_Family_Stress.txt,0.038,0.807,0.155,0.9887
Chino_20220204_43800_FULL.txt,0.065,0.707,0.228,0.9999
Chino_20220204_43800_Infection_Family_Featured.txt,0.044,0.695,0.261,0.9995
Chino_20220204_43800_Infection_Programs.txt,0.047,0.73,0.222,0.9871
Chino_20220204_45125_FULL.txt,0.042,0.838,0.12,0.9991
Chino_20220204_45125_Infection1_PrisonConditions1.txt,0.016,0.936,0.049,0.9283
Chino_20220204_45125_Infection2_Stress2_Family.txt,0.046,0.81,0.144,0.9929
Chino_20220204_45125_Stress1_PrisonConditions2.txt,0.056,0.844,0.1,0.9735
Chino_20220204_68596_FULL.txt,0.043,0.753,0.204,0.9998
Chino_20220204_68596_Infection1.txt,0.053,0.794,0.153,0.9855
Chino_20220204_68596_Infection2_Family_Stress.txt,0.052,0.798,0.15,0.9941
Chino_20220204_68596_PrisonConditions.txt,0.022,0.707,0.271,0.9975
Chino_20220204_94412_Family2_PrisonConditions2.txt,0.067,0.797,0.137,0.9828
Chino_20220204_94412_FULL.txt,0.074,0.771,0.155,0.9995
Chino_20220204_94412_Infection2_PrisonConditions.txt,0.034,0.8,0.167,0.9961
Chino_20220204_94412_Infection_Family_Featured.txt,0.118,0.814,0.069,-0.9439
Chino_20220204_94412_PrisonConditions3_Stress_Featured2.txt,0.081,0.803,0.116,0.9519
Chowchilla_ 20210201_373_FULL.txt,0.109,0.769,0.122,0.5986
Chowchilla_122120_193_FuLL.txt,0.194,0.755,0.051,-0.9928
Chowchilla_122120_193_Prisonconditons.txt,0.232,0.726,0.042,-0.9606
Chowchilla_122120_193_Stress.txt,0.161,0.78,0.058,-0.9399
Chowchilla_20201123_069_Full.txt,0.064,0.802,0.134,0.9863
Chowchilla_20201124_062_Family.txt,0.053,0.8,0.147,0.9135
Chowchilla_20201124_062_FULL.txt,0.045,0.802,0.153,0.996
Chowchilla_20201124_062_Programs.txt,0.064,0.849,0.087,0.7113
Chowchilla_20201124_062_Stress.txt,0.027,0.837,0.136,0.9601
Chowchilla_20201204_84_FULL.txt,0.246,0.633,0.121,-0.9846
Chowchilla_20201207_128_FULL.txt,0.084,0.807,0.109,0.8489
Chowchilla_20201208_117_full.txt,0.051,0.604,0.345,0.9843
Chowchilla_20201208_117_Infection.txt,0.033,0.635,0.331,0.9623
Chowchilla_20201209_118_Full.txt,0.113,0.802,0.085,-0.9838
Chowchilla_20201209_118_Infection.txt,0.096,0.876,0.028,-0.9749
Chowchilla_20201209_118_PrisonConditions.txt,0.139,0.757,0.104,-0.9383
Chowchilla_20201209_118_Stress.txt,0.122,0.813,0.065,-0.9159
Chowchilla_20201209_121_Full_Family_PrisonConditions.txt,0.08,0.809,0.111,0.9375
Chowchilla_20201217_204_FULL.txt,0.062,0.751,0.187,0.9962
Chowchilla_20201217_204_Stress.txt,0.071,0.775,0.155,0.9853
Chowchilla_20201218_173_FULL_PrisonConditions_Stress_Family.txt,0.069,0.776,0.155,0.9881
Chowchilla_20201221_147_Family.txt,0.075,0.821,0.103,0.5307
Chowchilla_20201221_147_FULL.txt,0.068,0.827,0.106,0.9742
Chowchilla_20201221_147_PrisonConditions.txt,0.071,0.782,0.147,0.9214
Chowchilla_20201221_147_Programs.txt,0.054,0.885,0.062,0.4037
Chowchilla_20201221_193_FULL.txt,0.181,0.776,0.042,-0.9926
Chowchilla_20201221_193_FULL_PrisonConditions_Stress.txt,0.181,0.776,0.042,-0.9926
Chowchilla_20201221_193_PrisonConditions.txt,0.198,0.766,0.036,-0.96
Chowchilla_20201221_193_Stress.txt,0.136,0.808,0.056,-0.9163
Chowchilla_20201222_189_FULL_Stress.txt,0.033,0.799,0.167,0.9978
Chowchilla_20201223_218_FULL.docx,0.14,0.813,0.048,-0.9953
Chowchilla_20201223_218_FULL.txt,0.141,0.811,0.048,-0.9953
Chowchilla_20201223_218_Stress_PrisonConditions2.txt,0.189,0.788,0.023,-0.9956
Chowchilla_20201224_212_Full_PrisonConditions_Infection_Stress.txt,0.246,0.687,0.066,-0.994
Chowchilla_20201228_148_FULL.txt,0.084,0.802,0.114,0.93
Chowchilla_20201228_148_Infection.txt,0.066,0.746,0.188,0.9731
Chowchilla_20201228_148_PrisonConditions.txt,0.054,0.907,0.039,-0.34
Chowchilla_20201228_177_Full.txt,0.059,0.785,0.157,0.988
Chowchilla_20201228_177_PrisonConditions.txt,0.05,0.907,0.043,-0.2263
Chowchilla_20201228_177_Stress.txt,0.07,0.714,0.217,0.9884
Chowchilla_20210104_248_full.txt,0.047,0.856,0.098,0.9838
Chowchilla_20210111_262_FULL_Infection.txt,0.08,0.832,0.088,0.7755
Chowchilla_20210114_270_Full.txt,0.095,0.772,0.133,0.9868
Chowchilla_20210114_270_PrisonConditions.txt,0.04,0.803,0.156,0.9905
Chowchilla_20210114_270_PrisonConditions2.txt,0.123,0.773,0.103,-0.7988
Chowchilla_20210114_270_Stress_PrisonConditions.txt,0.08,0.873,0.048,-0.8292
Chowchilla_20210121_324_FULL.txt,0.075,0.821,0.104,0.7615
Chowchilla_20210121_324_FULL_PrisonConditions.txt,0.074,0.824,0.103,0.7615
Chowchilla_20210121_324_Prison_Conditions.txt,0.082,0.879,0.039,-0.7003
Chowchilla_20210216_424_FULL.txt,0.064,0.874,0.061,0.8259
Chowchilla_20210216_424_Infection.txt,0.074,0.911,0.015,-0.958
Chowchilla_20210216_424_PrisonConditions.txt,0.077,0.873,0.05,-0.9514
Chowchilla_20210324_640_FULL_PrisonConditions_Infection.txt,0.17,0.69,0.139,-0.9171
Chowchilla_20210326_801_FULL.txt,0.068,0.862,0.07,0.4723
Chowchilla_20210326_801_PrisonConditions.txt,0.069,0.907,0.024,-0.9787
Chowchilla_20210326_801_PrisonConditons2.txt,0.043,0.876,0.081,0.9696
Chowchilla_20210326_801_PrisonConditons3_Infection2_Programs.txt,0.057,0.925,0.018,-0.9401
Chowchilla_20210326_801_Stress_Infection3_Family.txt,0.069,0.787,0.145,0.9906
Chowchilla_20210405_960_Full_Stress.txt,0.153,0.671,0.176,0.8818
Chowchilla_20210514_09_19_Family_Stress.txt,0.045,0.756,0.199,0.9974
Chowchilla_20210514_09_19_FULL.txt,0.038,0.815,0.146,0.9997
Chowchilla_20210514_09_19_Infection_Programs_Family.txt,0.04,0.846,0.114,0.9951
Chowchilla_20210514_09_19_Stress.txt,0.009,0.896,0.095,0.984
Chowchilla_20210913_92441_FULL.txt,0.074,0.8,0.126,0.999
Chowchilla_20210913_92441_PrisonConditions4_Infection.txt,0.087,0.858,0.056,-0.9339
Chowchilla_20210913_92441_PrisonConditions5_Infection2.txt,0.14,0.821,0.039,-0.9834
Chowchilla_20210913_92441_PrisonConditions_Stress.txt,0.089,0.83,0.082,-0.8277
Chowchilla_20210913_92441_Stress2_PrisonConditions2_Programs.txt,0.05,0.745,0.205,0.9956
Chowchilla_20210913_92441_Stress3_PrisonConditions3_Programs2.txt,0.096,0.832,0.072,-0.8012
Chuckawalla_20201105_06_41_Family.txt,0.116,0.752,0.132,0.501
Chuckawalla_20201105_06_41_FULL.txt,0.086,0.793,0.122,0.9976
Chuckawalla_20201105_06_41_Infection.txt,0.101,0.826,0.073,-0.7365
Chuckawalla_20201105_06_41_PrisonConditions.txt,0.111,0.806,0.083,-0.8712
Chuckawalla_20201105_06_41_PrisonConditions2.txt,0.08,0.837,0.083,-0.7777
Chuckawalla_20201105_06_41_PrisonConditions3.txt,0.075,0.788,0.137,0.9785
Chuckawalla_20201105_0728_Family.txt,0.088,0.786,0.126,0.9046
Chuckawalla_20201105_0728_FULL.txt,0.139,0.76,0.101,-0.9974
Chuckawalla_20201105_0728_PrisonConditions.txt,0.13,0.811,0.059,-0.9816
Chuckawalla_20201105_0728_PrisonConditions2.txt,0.065,0.758,0.177,0.9957
Chuckawalla_20201105_0728_PrisonConditions3.txt,0.036,0.892,0.072,0.9121
Chuckawalla_20201106_05_42_Family.txt,0.046,0.894,0.061,0.435
Chuckawalla_20201106_05_42_FULL.txt,0.033,0.873,0.094,0.9983
Chuckawalla_20201106_05_42_PrisonConditions.txt,0.065,0.832,0.103,0.9664
Chuckawalla_20201106_05_42_PrisonConditions2.txt,0.031,0.899,0.07,0.9784
Chuckawalla_20201106_05_42_Programs.txt,0.03,0.909,0.061,0.5994
Chuckawalla_20201106_05_42_Stress.txt,0.0,0.928,0.072,0.5574
Chuckawalla_20201106_07_07_FULL.txt,0.079,0.807,0.114,0.9962
Chuckawalla_20201106_07_07_PrisonConditions.txt,0.159,0.777,0.064,-0.9818
Chuckawalla_20201106_07_07_PrisonConditions2.txt,0.099,0.827,0.074,-0.4913
Chuckawalla_20201106_07_07_PrisonConditions3.txt,0.048,0.86,0.092,0.9866
Chuckawalla_20201106_07_22_Family.txt,0.078,0.811,0.111,0.7271
Chuckawalla_20201106_07_22_FULL.txt,0.086,0.81,0.104,0.9837
Chuckawalla_20201106_07_22_Infection.txt,0.116,0.796,0.088,-0.9786
Chuckawalla_20201106_07_22_Infection2.txt,0.11,0.791,0.099,-0.8387
Chuckawalla_20201106_07_22_PrisonConditions.txt,0.086,0.818,0.096,0.2313
Chuckawalla_20201106_07_22_Programs.txt,0.022,0.96,0.017,-0.2865
Chuckawalla_20201109_05_04_FULL.txt,0.052,0.817,0.13,0.9993
Chuckawalla_20201109_05_04_Infection.txt,0.114,0.785,0.1,0.3259
Chuckawalla_20201109_05_04_PrisonConditions.txt,0.044,0.859,0.097,0.9877
Chuckawalla_20201109_05_04_PrisonConditions2.txt,0.065,0.863,0.072,0.7945
Chuckawalla_20201109_05_04_PrisonConditions3.txt,0.047,0.818,0.135,0.9874
Chuckawalla_20201109_05_04_Programs.txt,0.025,0.898,0.077,0.6116
Chuckawalla_20201109_06_57_FULL.txt,0.068,0.801,0.131,0.9991
Chuckawalla_20201109_06_57_Infection.txt,0.056,0.868,0.075,0.6674
Chuckawalla_20201109_06_57_PrisonConditions.txt,0.064,0.82,0.116,0.9946
Chuckawalla_20201109_06_57_PrisonConditions2.txt,0.046,0.864,0.091,0.9156
Chuckawalla_20201109_06_57_Stress.txt,0.091,0.758,0.151,0.9046
Chuckawalla_20201120_06_34_Family.txt,0.028,0.797,0.175,0.9929
Chuckawalla_20201120_06_34_FULL.txt,0.077,0.77,0.153,0.9994
Chuckawalla_20201120_06_34_Infection.txt,0.099,0.737,0.164,0.9834
Chuckawalla_20201120_06_34_PrisonConditions.txt,0.116,0.831,0.053,-0.9926
Chuckawalla_20201120_06_34_PrisonConditions2.txt,0.0,0.853,0.147,0.9891
Chuckawalla_20201120_06_34_Stress.txt,0.12,0.74,0.14,0.3121
Chuckawalla_20201120_06_34_Stress2.txt,0.053,0.854,0.093,0.3109
Chuckawalla_20201127_06_21_FULL.txt,0.083,0.775,0.142,0.9976
Chuckawalla_20201127_06_21_Infection.txt,0.038,0.743,0.219,0.9919
Chuckawalla_20201127_06_21_PrisonConditions.txt,0.124,0.78,0.095,-0.9762
Chuckawalla_20201127_06_21_PrisonConditions2.txt,0.052,0.777,0.171,0.9954
Chuckawalla_20201127_06_21_PrisonConditions3.txt,0.013,0.873,0.115,0.7783
Chuckawalla_20201127_06_39_FULL.txt,0.098,0.799,0.103,0.8423
Chuckawalla_20201127_06_39_PrisonConditions3.txt,0.081,0.858,0.061,-0.7579
Chuckawalla_20201127_06_39_PrisonConditions_Infection.txt,0.118,0.835,0.047,-0.9698
Chuckawalla_20201127_06_39_Programs.txt,0.097,0.802,0.1,-0.2615
Chuckawalla_20201127_06_39_Programs_PrisonConditions2.txt,0.069,0.87,0.06,-0.1801
Chuckawalla_20201127_06_59_FULL.txt,0.09,0.775,0.135,0.9982
Chuckawalla_20201127_06_59_Infection_PrisonConditions1.txt,0.102,0.782,0.117,0.7497
Chuckawalla_20201127_06_59_Infection_PrisonConditions2.txt,0.08,0.878,0.042,-0.9461
Chuckawalla_20201127_06_59_PrisonConditions.txt,0.061,0.76,0.179,0.9988
Chuckawalla_20201127_06_59_Stress.txt,0.099,0.839,0.062,-0.9068
Chuckawalla_20201127_615_Full.txt,0.07,0.811,0.12,0.9984
Chuckawalla_20201127_615_Infection.txt,0.075,0.868,0.057,-0.7684
Chuckawalla_20201127_615_PrisonConditions2.txt,0.09,0.86,0.049,-0.9711
Chuckawalla_20201127_615_PrisonConditions_Family.txt,0.026,0.853,0.121,0.9723
Chuckawalla_20201130_05_30_Family_Programs_Stress.txt,0.091,0.785,0.124,0.944
Chuckawalla_20201130_05_30_FULL.txt,0.053,0.82,0.127,0.9993
Chuckawalla_20201130_05_30_PrisonConditions.txt,0.026,0.874,0.1,0.9884
Chuckawalla_20201130_05_30_PrisonConditions_Infection.txt,0.057,0.861,0.082,0.9483
Chuckawalla_20201130_05_49_Family_Programs_Stress.txt,0.119,0.794,0.087,-0.9092
Chuckawalla_20201130_05_49_FULL.txt,0.087,0.804,0.109,0.9461
Chuckawalla_20201130_05_49_Infection_PrisonConditions.txt,0.039,0.909,0.052,0.6394
Chuckawalla_20201130_06_18_Family_Stress_Programs.txt,0.105,0.774,0.12,0.9
Chuckawalla_20201130_06_18_FULL.txt,0.074,0.825,0.101,0.9964
Chuckawalla_20201130_06_18_Infection1_PrisonConditions1.txt,0.051,0.841,0.107,0.9876
Chuckawalla_20201130_06_18_PrisonConditions2_Infection2.txt,0.053,0.876,0.071,0.9176
Chuckawalla_20201130_06_18_PrisonConditions3.txt,0.058,0.879,0.063,-0.245
Chuckawalla_20201130_06_36_Family_Programs.txt,0.072,0.765,0.163,0.9839
Chuckawalla_20201130_06_36_FULL.txt,0.065,0.792,0.144,0.9991
Chuckawalla_20201130_06_36_Infection_PrisonConditions1.txt,0.053,0.875,0.072,0.75
Chuckawalla_20201130_06_36_PrisonConditions2.txt,0.024,0.821,0.155,0.9869
Chuckawalla_20201130_06_36_Stress_Family.txt,0.109,0.762,0.129,0.7514
Chuckawalla_20201203_06_01_FULL.txt,0.052,0.857,0.091,0.9824
Chuckawalla_20201203_06_01_PrisonConditions1_Infection.txt,0.031,0.901,0.069,0.7347
Chuckawalla_20201203_06_01_PrisonConditions2_Family.txt,0.031,0.881,0.089,0.9506
Chuckawalla_20201203_06_01_Programs_Stress.txt,0.047,0.869,0.084,0.9017
Chuckawalla_20201208_06_50_Family.txt,0.051,0.765,0.184,0.9548
Chuckawalla_20201208_06_50_FULL.txt,0.088,0.775,0.137,0.9986
Chuckawalla_20201208_06_50_Infection.txt,0.113,0.816,0.07,-0.9779
Chuckawalla_20201208_06_50_Infection2.txt,0.026,0.812,0.162,0.9933
Chuckawalla_20201208_06_50_PrisonConditions.txt,0.144,0.792,0.064,-0.9755
Chuckawalla_20201208_06_50_PrisonConditions2.txt,0.08,0.822,0.097,0.2846
Chuckawalla_20201208_06_50_Stress.txt,0.032,0.758,0.21,0.9657
Chuckawalla_20201208_06_50_Stress2.txt,0.041,0.871,0.088,0.7024
Chuckawalla_20201211_05_20_Family_Stress.txt,0.072,0.849,0.079,0.2212
Chuckawalla_20201211_05_20_FULL.txt,0.075,0.826,0.1,0.9853
Chuckawalla_20201211_05_20_Infection.txt,0.109,0.855,0.036,-0.9784
Chuckawalla_20201211_05_20_Infection2.txt,0.063,0.846,0.09,0.4176
Chuckawalla_20201218_06_51_Family_Stress.txt,0.064,0.839,0.097,0.9206
Chuckawalla_20201218_06_51_FULL.txt,0.066,0.835,0.099,0.9941
Chuckawalla_20201218_06_51_Infection1_PrisonConditions1.txt,0.052,0.886,0.062,0.2907
Chuckawalla_20201218_06_51_Infection2_PrisonConditions2.txt,0.024,0.872,0.104,0.953
Chuckawalla_20201218_06_51_PrisonConditions3.txt,0.101,0.839,0.06,-0.9668
Chuckawalla_20201218_06_51_Stress_Programs.txt,0.059,0.866,0.075,0.3629
Chuckawalla_20210215_417_FULL_PrisonConditions_Infection.txt,0.076,0.801,0.122,0.9467
Chuckawalla_20210315_540_FULL.txt,0.137,0.791,0.072,-0.9973
Chuckawalla_20210315_540_PrisonConditions1_Infection1.txt,0.194,0.749,0.057,-0.9979
Chuckawalla_20210315_540_PrisonConditions2_Infection2_Stress.txt,0.06,0.851,0.089,0.942
Chuckawalla_20220204_23970_FULL.txt,0.035,0.918,0.047,0.8946
Chuckawalla_20220216_82961_FULL.txt,0.073,0.851,0.076,-0.3118
Chuckawalla_20220216_82961_Infection_PrisonConditions.txt,0.038,0.885,0.077,0.9232
Chuckawalla_20220216_82961_PrisonConditions.txt,0.049,0.898,0.053,0.5439
Chuckawalla_20220216_82961_Stress1_Family1_Featured1.txt,0.104,0.832,0.064,-0.9207
Chuckawalla_20220216_82961_Stress2_Family2_Featured2.txt,0.089,0.844,0.067,-0.8125
CIW_20201120_71_FULL.txt,0.094,0.83,0.076,-0.9387
CIW_202012013_081_Family.txt,0.085,0.776,0.139,0.8271
CIW_20201201_79_Full.txt,0.077,0.788,0.135,0.9973
CIW_20201201_79_Infection_PrisonConditions_Stress.txt,0.063,0.845,0.092,0.9652
CIW_20201201_79_Stress_Programs.txt,0.108,0.827,0.065,-0.9654
CIW_20201202_087_FULL.txt,0.105,0.749,0.146,0.987
CIW_20201202_087_Infection.txt,0.113,0.742,0.145,0.9261
CIW_20201202_087_PrisonConditions.txt,0.076,0.817,0.107,0.9271
CIW_20201202_88_familyandstress.txt,0.109,0.788,0.103,-0.2023
CIW_20201203_076_PrisonConditions_Stress.txt,0.101,0.829,0.07,-0.5859
CIW_20201203_081_FULL.txt,0.08,0.802,0.118,0.9762
CIW_20201203_80_FULL_PrisonConditions_Infection_Stress_Stress.txt,0.142,0.711,0.147,0.7946
CIW_20201204_85_FULL_PrisonConditions_Stress.txt,0.182,0.761,0.057,-0.9818
CIW_20201207_07_46_Family.txt,0.011,0.882,0.107,0.9802
CIW_20201207_07_46_FULL.txt,0.049,0.775,0.176,0.9999
CIW_20201207_07_46_PrisonConditions1.txt,0.082,0.801,0.117,0.9381
CIW_20201207_07_46_PrisonConditions2.txt,0.045,0.781,0.174,0.9959
CIW_20201207_07_46_PrisonConditions_Family.txt,0.041,0.779,0.18,0.9984
CIW_20201207_07_46_Stress.txt,0.058,0.698,0.244,0.9981
CIW_20201209_114_FULL.txt,0.082,0.673,0.246,0.998
CIW_20201215_131_FULL.txt,0.115,0.812,0.073,-0.9903
CIW_20201215_131_Infection.txt,0.077,0.888,0.035,-0.9601
CIW_20201215_131_PrisonConditions.txt,0.179,0.776,0.045,-0.9832
CIW_20201215_131_Stress.txt,0.095,0.776,0.129,0.9196
CIW_20201217_194_FULL.txt,0.081,0.838,0.082,0.1761
CIW_20201217_194_PrisonConditions_Infection2.txt,0.071,0.88,0.05,-0.6652
CIW_20201218_153_FULL.txt,0.125,0.791,0.084,-0.9825
CIW_20201218_153_Infection.txt,0.146,0.791,0.063,-0.9682
CIW_20201218_153_PrisonConditions.txt,0.091,0.839,0.07,-0.745
CIW_20201218_153_PrisonConditionsStress.txt,0.086,0.846,0.067,-0.2293
CIW_20201224_152_FULL.txt,0.147,0.788,0.065,-0.9921
CIW_20201224_152_Infection1.txt,0.12,0.819,0.061,-0.9548
CIW_20201224_152_PrisonConditions.txt,0.132,0.816,0.053,-0.9425
CIW_20201230_160_FULL.txt,0.148,0.76,0.092,-0.9703
CIW_20210319_577_FULL_Stress.txt,0.143,0.774,0.083,-0.9286
CIW_20210324_06_51_FULL.txt,0.053,0.855,0.091,0.9981
CIW_20210324_06_51_Infection_PrisonConditions.txt,0.034,0.89,0.076,0.9797
CIW_20210324_06_51_Infection_Programs.txt,0.069,0.821,0.11,0.9737
CIW_20210324_06_51_PrisonConditions.txt,0.012,0.922,0.065,0.9851
CIW_20210324_06_51_PrisonConditions_Infection.txt,0.1,0.803,0.097,0.6928
CMC_20210120_329_FULL_PrisonConditions_Infections_Stress.txt,0.107,0.829,0.064,-0.7463
CMC_20210121_316_FULL.txt,0.102,0.829,0.07,-0.8188
CMC_20210125_315_Full_PrisonConditions_Stress.txt,0.034,0.717,0.25,0.9952
CMC_20210125_331_Full_PrisonConditions_Infection_Family.txt,0.133,0.694,0.173,0.9613
CMC_20210125_332_Full_Infection.txt,0.208,0.758,0.034,-0.9917
CMC_20210125_333_Full_Stress_Feature.txt,0.056,0.776,0.168,0.9873
CMC_20210126_336_FULL.txt,0.135,0.794,0.071,-0.9983
CMC_20210126_336_Infection.txt,0.116,0.821,0.064,-0.9839
CMC_20210126_336_PrisonConditions_Stress_Feature.txt,0.159,0.775,0.066,-0.9968
CMC_20210129_307_FULL.txt,0.066,0.83,0.104,0.8783
CMC_20210129_308_Full_PrisonConditions.txt,0.048,0.831,0.121,0.931
CMC_20210208_346_FULL_Stress_Infection_PrisonConditions.txt,0.067,0.833,0.1,0.9472
CMC_20210209_363_full.txt,0.126,0.773,0.101,-0.8444
CMC_20210210_355_Full.txt,0.143,0.755,0.102,-0.9443
CMC_20210210_356_FULL_PrisonConditions_Infection.txt,0.146,0.781,0.073,-0.9912
CMC_20210210_356_PrisonConditons_Infection.txt,0.151,0.778,0.072,-0.9918
CMC_20210210_357_FULL.txt,0.091,0.813,0.096,-0.1225
CMC_20210210_357_Infection.txt,0.122,0.811,0.067,-0.9821
CMC_20210210_358_FULL_Stress.txt,0.061,0.806,0.133,0.7579
CMC_20210210_358_Prison_Conditions.txt,0.062,0.804,0.134,0.7579
CMC_20210210_359_FULL.txt,0.116,0.798,0.086,-0.9975
CMC_20210210_359_PrisonConditions.txt,0.114,0.867,0.019,-0.9884
CMC_20210210_359_PrisonConditionsFeature.txt,0.054,0.918,0.028,-0.9383
CMC_20210210_359_StressInfection.txt,0.122,0.777,0.1,-0.746
CMC_20210211_446_Family_Stress.txt,0.082,0.811,0.107,0.6192
CMC_20210211_446_FULL.txt,0.069,0.785,0.146,0.9927
CMC_20210211_446_PrisonConditions_Stress_Infection.txt,0.059,0.834,0.107,0.9432
CMC_20210211_447_FULL_Family_Infection.txt,0.039,0.774,0.187,0.9855
