Filename,Sentiment,Polarity,Negative Sentiment,Neutral Sentiment,Positive Sentiment,Compound Sentiment
11_05_20_ChuckawallaValley_06_41,NEGATIVE,0.0001747012138367,0.092,0.785,0.123,0.9964
12_28_20_Chowchilla_148,NEGATIVE,0.0203402638435363,0.09,0.793,0.116,0.9147
12_29_20_Ironwood_157,POSITIVE,0.9901947379112244,0.07,0.772,0.157,0.9956
12_30_20_Ironwood_156,NEGATIVE,0.0206105113029479,0.138,0.72,0.141,-0.0711
Alameda_SantaRita_20210505_708_Family_Programs_Stress,NEGATIVE,1.1324882507213196e-05,0.056,0.835,0.108,0.9827
Alameda_SantaRita_20210505_708_FULL,NEGATIVE,9.059906005859376e-05,0.054,0.826,0.12,0.9988
Alameda_SantaRita_20210505_708_Infection_PrisonConditions1,NEGATIVE,9.059906005859376e-05,0.105,0.864,0.032,-0.989
Alameda_SantaRita_20210505_708_PrisonConditions2,NEGATIVE,0.000102400779724,0.011,0.942,0.047,0.78
Alameda_SantaRita_20211104_17377_FULL,NEGATIVE,0.0001574754714965,0.052,0.792,0.156,0.9992
Alameda_SantaRita_20211104_17377_Stress,NEGATIVE,4.661083221435547e-05,0.055,0.866,0.079,0.4086
Alameda_SantaRita_20211112_94071_FULL,NEGATIVE,0.0001742243766783,0.065,0.819,0.116,0.992
Alameda_SantaRita_20211112_94071_Infection_PrisonConditions,NEGATIVE,4.303455352783203e-05,0.069,0.836,0.095,-0.3463
Alameda_SantaRita_20211117_77131_FULL,NEGATIVE,3.993511199962274e-05,0.106,0.769,0.125,0.986
Alameda_SantaRita_20211117_77131_PrisonConditions2_Featured,NEGATIVE,2.634525299083368e-05,0.14,0.779,0.081,-0.9923
Alameda_SantaRita_20211117_77131_PrisonConditions_Family_Featured,NEGATIVE,0.0001981854438781,0.067,0.793,0.14,0.9857
Alameda_SantaRita_20211208_13170_FULL,NEGATIVE,0.000176727771759,0.041,0.794,0.165,0.9847
Alameda_SantaRita_20211208_13170_PrisonConditions,NEGATIVE,2.2411346435546875e-05,0.051,0.811,0.138,0.9537
Alameda_SantaRita_20211208_79927_FULL,NEGATIVE,0.1952318549156189,0.026,0.838,0.136,0.9982
Alameda_SantaRita_20211208_79927_Infection,NEGATIVE,0.0045391917228699,0.042,0.864,0.094,0.8806
Alameda_SantaRita_20211208_79927_Programs_Infection,NEGATIVE,0.0710213184356689,0.023,0.872,0.105,0.984
Alameda_SantaRita_20220113_78977_FULL,NEGATIVE,1.0609626770019531e-05,0.074,0.799,0.127,0.9987
Alameda_SantaRita_20220113_78977_PrisonConditions2_Stress,NEGATIVE,0.0001531839370727,0.042,0.788,0.17,0.9917
Alameda_SantaRita_20220113_78977_PrisonConditions_Infection,NEGATIVE,6.794929504394531e-06,0.09,0.83,0.08,0.3574
Alameda_SantaRita_20220113_78977_Stress2_PrisonConditions3,NEGATIVE,4.363059997558594e-05,0.075,0.778,0.147,0.9625
Alameda_SantaRita_20220225_43871_FULL,NEGATIVE,0.0030862092971801,0.07,0.853,0.077,0.6405
Alameda_SantaRita_20220225_43871_Infection2_PrisonConditions2,NEGATIVE,9.608268737804072e-05,0.049,0.904,0.047,-0.4871
Alameda_SantaRita_20220225_43871_Infection3_PrisonConditions3_Featured,NEGATIVE,3.314018249522821e-05,0.085,0.875,0.039,-0.9469
Alameda_SantaRita_20220225_43871_Infection_PrisonConditions,NEGATIVE,0.0106308460235595,0.044,0.92,0.036,-0.3662
Alameda_SantaRita_20220225_43871_PrisonConditions_Stress_Featured,NEGATIVE,0.0001236200332641,0.097,0.859,0.044,-0.975
Alameda_SantaRita_20220225_68847_FULL,NEGATIVE,3.504753112804071e-05,0.038,0.823,0.139,0.9988
Alameda_SantaRita_20220225_68847_PrisonConditions2,NEGATIVE,1.2040138244628906e-05,0.028,0.838,0.133,0.9934
Alameda_SantaRita_20220225_68847_PrisonConditions_Infection,NEGATIVE,3.504753112804071e-05,0.043,0.89,0.068,0.8599
Amador_Main_20210831_95905_Family,NEGATIVE,8.511543273914679e-05,0.019,0.924,0.057,0.7783
Amador_Main_20210831_95905_FULL,NEGATIVE,3.576278686412415e-06,0.054,0.784,0.162,0.9984
Amador_Main_20210831_95905_PrisonConditions,NEGATIVE,5.006790161243835e-06,0.09,0.799,0.111,0.7962
Amador_Main_20210914_87709_FULL,NEGATIVE,9.560585021961554e-05,0.06,0.81,0.13,0.9946
Amador_Main_20210914_87709_Infection_PrisonConditions,NEGATIVE,0.0001854300498962,0.065,0.881,0.054,-0.4976
Amador_Main_20210914_87709_Stress_Featured,NEGATIVE,0.0082686543464659,0.088,0.841,0.071,-0.9058
Avenal_20201030_7_01_Family,NEGATIVE,5.3644180297962585e-05,0.047,0.85,0.104,0.6705
Avenal_20201030_7_01_FULL,NEGATIVE,0.000149130821228,0.059,0.818,0.122,0.9986
Avenal_20201030_7_01_Infection,NEGATIVE,8.881092071522101e-05,0.019,0.925,0.056,0.6652
Avenal_20201030_7_01_PrisonConditions,NEGATIVE,8.511543273914679e-05,0.039,0.911,0.049,0.2821
Avenal_20201030_7_01_PrisonConditions2,NEGATIVE,0.001541256904602,0.04,0.873,0.087,0.8151
Avenal_20201030_7_01_PrisonConditions3,NEGATIVE,8.571147918701172e-05,0.045,0.918,0.037,-0.2632
Avenal_20201030_7_01_PrisonConditions4,NEGATIVE,2.229213714599609e-05,0.09,0.754,0.157,0.6808
Avenal_20201030_7_01_PrisonConditions5,NEGATIVE,0.0002282261848449,0.021,0.848,0.131,0.9818
Avenal_20201105_07_12_Family,NEGATIVE,0.0004157423973083,0.043,0.826,0.131,0.9416
Avenal_20201105_07_12_FULL,NEGATIVE,0.0045788884162903,0.05,0.797,0.153,0.9995
Avenal_20201105_07_12_Infection,NEGATIVE,0.0017463564872741,0.05,0.852,0.098,0.7757
Avenal_20201105_07_12_PrisonConditions,NEGATIVE,0.002501904964447,0.029,0.84,0.131,0.9461
Avenal_20201105_07_12_PrisonConditions2,NEGATIVE,2.992153167724609e-05,0.066,0.793,0.141,0.9967
Avenal_20201105_07_12_Programs,NEGATIVE,0.2409024238586425,0.016,0.895,0.089,0.8243
Avenal_20201105_0830_Family,NEGATIVE,8.165836334239618e-05,0.009,0.909,0.083,0.9551
Avenal_20201105_0830_Full,NEGATIVE,3.123283386241571e-05,0.044,0.873,0.083,0.9984
Avenal_20201105_0830_Infection1,NEGATIVE,5.364418029785156e-06,0.058,0.891,0.051,0.1406
Avenal_20201105_0830_Infection2,NEGATIVE,2.3245811462402344e-05,0.05,0.884,0.066,0.8402
Avenal_20201105_0830_PrisonConditions,NEGATIVE,4.053115844837585e-06,0.012,0.93,0.058,0.8875
Avenal_20201105_0830_PrisonConditions2,NEGATIVE,9.298324584960938e-06,0.017,0.945,0.038,0.6697
Avenal_20201105_08_11_FULL,NEGATIVE,0.0001333951950072,0.092,0.857,0.051,-0.996
Avenal_20201105_08_11_Infection_PrisonConditions,NEGATIVE,0.0001874566078186,0.091,0.832,0.077,-0.7264
Avenal_20201105_08_11_PrisonConditions,NEGATIVE,3.278255462635382e-05,0.04,0.885,0.075,0.952
Avenal_20201105_08_11_PrisonConditions_Infection,NEGATIVE,0.0001164674758912,0.076,0.86,0.063,-0.7579
Avenal_20201106_623_Family,NEGATIVE,0.0001793503761291,0.042,0.838,0.12,0.9839
Avenal_20201106_623_FULL,NEGATIVE,2.6702880859375e-05,0.062,0.796,0.142,0.9994
Avenal_20201106_623_PrisonConditions,NEGATIVE,3.5762786865234375e-05,0.046,0.848,0.107,0.9876
Avenal_20201106_623_PrisonConditions2,NEGATIVE,0.000293791294098,0.084,0.801,0.115,0.935
Avenal_20201106_623_Stress,POSITIVE,0.7914134860038757,0.055,0.824,0.121,0.9078
Avenal_20201110_08_13_Family,NEGATIVE,1.847743988037109e-05,0.063,0.837,0.101,0.6992
Avenal_20201110_08_13_FULL,NEGATIVE,6.258487701416016e-05,0.076,0.798,0.125,0.9977
Avenal_20201110_08_13_Infection,NEGATIVE,5.114078521717413e-05,0.101,0.814,0.085,-0.9103
Avenal_20201110_08_13_PrisonConditions,NEGATIVE,6.9141387939453125e-06,0.015,0.821,0.165,0.9913
Avenal_20201110_08_13_PrisonConditions2,NEGATIVE,0.0004556775093079,0.056,0.787,0.157,0.9759
Avenal_20201110_08_13_PrisonConditions3,NEGATIVE,3.206729888916016e-05,0.089,0.825,0.086,0.5226
Avenal_20201110_7_51_Family,NEGATIVE,2.9087066650390625e-05,0.089,0.786,0.125,0.4874
Avenal_20201110_7_51_FULL,NEGATIVE,0.0002223849296569,0.077,0.812,0.111,0.9969
Avenal_20201110_7_51_Infection,NEGATIVE,0.0112740397453308,0.097,0.817,0.086,-0.8776
Avenal_20201110_7_51_PrisonConditions,NEGATIVE,0.0016750693321228,0.03,0.908,0.062,0.9687
Avenal_20201110_7_51_PrisonConditions2,NEGATIVE,0.0007011890411375,0.14,0.787,0.073,-0.9836
Avenal_20201110_7_51_PrisonConditions3,NEGATIVE,0.000129461288452,0.046,0.81,0.144,0.9914
Avenal_20201110_7_51_Stress,NEGATIVE,7.62939453125e-06,0.066,0.859,0.074,-0.2648
Avenal_20201113_7_18_FULL,NEGATIVE,7.987022400013366e-06,0.095,0.739,0.165,0.998
Avenal_20201113_7_18_PrisonConditions1,NEGATIVE,2.026557922363281e-06,0.047,0.812,0.141,0.9736
Avenal_20201113_7_18_PrisonConditions2,NEGATIVE,4.410743713378906e-06,0.129,0.678,0.193,0.9621
Avenal_20201113_7_18_Stress,NEGATIVE,0.0001862645149232,0.102,0.728,0.17,0.8243
Avenal_20210317_8_31_Full,NEGATIVE,7.247924804676398e-05,0.118,0.738,0.144,0.9934
Avenal_20210317_8_31_Infection1,NEGATIVE,5.424022674560547e-05,0.161,0.748,0.091,-0.9873
Avenal_20210317_8_31_Infection2,NEGATIVE,4.756450653076172e-05,0.133,0.749,0.118,-0.8778
Avenal_20210317_8_31_PrisonConditions,NEGATIVE,0.0004341006278991,0.087,0.795,0.118,0.9297
Avenal_20210317_8_31_Stress_Featured,NEGATIVE,4.208087921142578e-05,0.151,0.766,0.083,-0.9883
Avenal_20210326_6_51_Full,NEGATIVE,0.0003221035003662,0.071,0.838,0.091,0.9879
Avenal_20210326_6_51_Infection,NEGATIVE,0.0003502368927001,0.096,0.844,0.059,-0.9783
Avenal_20210326_6_51_PrisonConditions1,NEGATIVE,0.000112771987915,0.022,0.924,0.054,0.9065
Avenal_20210326_6_51_PrisonConditions2,NEGATIVE,5.078315734863281e-05,0.067,0.914,0.019,-0.9621
Avenal_20210326_6_51_Programs_Infection2,NEGATIVE,0.0004143118858336,0.106,0.833,0.061,-0.9727
Avenal_20210326_6_51_Stress_Infection3,NEGATIVE,4.9233436584361634e-05,0.041,0.802,0.156,0.9887
Avenal_20210518_5_22_FULL_Infection_PrisonConditions_Stress,NEGATIVE,3.588199615478516e-05,0.027,0.735,0.238,0.9993
Avenal_20210916_71906_P1_FULL,NEGATIVE,1.0848045349232116e-05,0.056,0.802,0.143,0.9995
Avenal_20210916_71906_P1_PrisonConditions_Family_Infection,NEGATIVE,1.3709068298450866e-05,0.076,0.867,0.057,-0.9014
Avenal_20210916_71906_P1_Programs2_Infection2_Featured,NEGATIVE,0.0007968544960021,0.061,0.761,0.178,0.998
Avenal_20210916_71906_P1_Stress_ Infection3_Programs,NEGATIVE,6.079673767200866e-06,0.06,0.829,0.11,0.9759
Avenal_20210916_71906_P2_FULL,NEGATIVE,6.35385513305664e-05,0.055,0.827,0.118,0.9992
Avenal_20210916_71906_P2_Infection2_PrisonConditions2_Featured2,NEGATIVE,0.0002006888389588,0.068,0.813,0.119,0.9829
Avenal_20210916_71906_P2_Infection_PrisonConditions_Featured,NEGATIVE,2.396106719959601e-05,0.039,0.866,0.095,0.9889
Avenal_20210916_71906_P2_PrisonConditions2,NEGATIVE,0.0006898641586303,0.023,0.892,0.086,0.9486
Avenal_20210916_71906_P3_FULL,NEGATIVE,0.0496430397033692,0.082,0.75,0.169,0.9997
Avenal_20210916_71906_P3_PrisonConditions_Stress,NEGATIVE,0.0004253983497619,0.093,0.854,0.054,-0.9732
Avenal_20210916_71906_P3_Stress_PrisonConditions_Family,NEGATIVE,0.0001337528228759,0.085,0.875,0.04,-0.9127
Butte_Main_20220105_13697_FULL,NEGATIVE,0.0007504820823668,0.092,0.731,0.177,0.9996
Butte_Main_20220105_13697_Infection1_Stress1,NEGATIVE,3.838539123535156e-05,0.123,0.703,0.173,0.932
Butte_Main_20220105_13697_Programs,NEGATIVE,0.0014939308166503,0.01,0.901,0.089,0.9384
Butte_Main_20220105_13697_Stress2_Family,NEGATIVE,0.0004863739013671,0.144,0.67,0.186,0.7689
Butte_Main_20220105_13697_Stress3_PrisonConditions,NEGATIVE,0.2997772693634033,0.097,0.849,0.054,-0.8131
Butte_Main_20220105_13697_Stress4_Infection2,NEGATIVE,0.0637521147727966,0.09,0.767,0.143,0.9819
Butte_Main_20220105_59841_Family_Stress,NEGATIVE,6.270408630359992e-05,0.057,0.778,0.165,0.9911
Butte_Main_20220105_59841_FULL,NEGATIVE,8.463859557994446e-06,0.081,0.697,0.222,0.9999
Butte_Main_20220105_59841_PrisonConditions,NEGATIVE,8.463859557994446e-06,0.113,0.728,0.159,0.9559
CaliforniaCity_20210426_816_Full_ProgramsFamily,POSITIVE,0.9977739453315736,0.018,0.778,0.203,0.9971
CaliforniaCity_20210426_860_FULL,NEGATIVE,0.0001792311668395,0.079,0.779,0.142,0.9987
CaliforniaCity_20210426_860_PrisonConditionsFamilyInfection1,NEGATIVE,9.059906005859376e-05,0.091,0.795,0.115,0.8043
CaliforniaCity_20210426_860_PrisonConditionsFamilyInfection2,NEGATIVE,0.0026891231536864,0.062,0.834,0.104,0.9796
CaliforniaCity_20210426_860_StressPrisonConditionsPrograms,NEGATIVE,0.0041828751564025,0.088,0.704,0.208,0.9953
CaliforniaCity_20210428_851_FULL,NEGATIVE,0.0001342296600341,0.092,0.808,0.1,0.744
CaliforniaCity_20210428_851_PrisonConditionsInfection,NEGATIVE,0.0001342296600341,0.121,0.854,0.025,-0.9949
CaliforniaCity_20210428_851_ProgramsStressInfection,NEGATIVE,1.3113021850585938e-05,0.065,0.783,0.152,0.9925
CaliforniaCity_20210428_855_FULL,NEGATIVE,0.0131561160087584,0.055,0.851,0.093,0.9797
CaliforniaCity_20210428_855_ProgramsPrisonConditions,NEGATIVE,0.0002974867820739,0.037,0.915,0.048,0.354
CaliforniaCity_20210428_855_ProgramsPrisonConditionsFamily,NEGATIVE,0.0188877582550047,0.063,0.854,0.082,0.7172
CaliforniaCity_20210505_1771_FULL,NEGATIVE,0.0413975715637208,0.051,0.747,0.202,0.9973
CaliforniaCity_20210528_1542_FULL_Family_Stress,NEGATIVE,0.275983452796936,0.189,0.682,0.129,-0.9485
CaliforniaCity_20210604_821_FULL_Programs_Infection,NEGATIVE,6.985664367675781e-05,0.073,0.801,0.126,0.9571
CaliforniaCity_20210609_844_Family2_Stress_Programs1,NEGATIVE,2.658367156982422e-05,0.048,0.773,0.179,0.9819
CaliforniaCity_20210609_844_Family_PrisonConditions,NEGATIVE,3.731250762939453e-05,0.045,0.736,0.22,0.999
CaliforniaCity_20210609_844_FULL,POSITIVE,0.99433571100235,0.044,0.747,0.209,0.9999
CaliforniaCity_20210609_844_Infection,NEGATIVE,0.0005432963371275,0.071,0.796,0.133,0.9507
CaliforniaCity_20210609_844_Programs,NEGATIVE,0.0134522318840027,0.033,0.805,0.162,0.9837
CaliforniaCity_20210617_624_FULL,NEGATIVE,0.0001373291015623,0.029,0.89,0.082,0.9985
CaliforniaCity_20210617_624_PrisonConditions2_Infection,NEGATIVE,0.1713210344314575,0.009,0.903,0.088,0.9493
CaliforniaCity_20210617_624_Programs2,NEGATIVE,0.0008735060691832,0.025,0.902,0.073,0.9571
CaliforniaCity_20210617_624_Programs_PrisonConditions,NEGATIVE,0.0028093457221983,0.026,0.941,0.033,-0.3497
CaliforniaCity_20210617_714_Family_Programs,NEGATIVE,1.1324882507213196e-05,0.109,0.768,0.123,0.7941
CaliforniaCity_20210617_714_FULL,NEGATIVE,0.0003266334533692,0.06,0.778,0.162,0.9996
CaliforniaCity_20210617_714_Infection1_PrisonConditions,NEGATIVE,9.179115295410156e-06,0.084,0.842,0.075,-0.9069
CaliforniaCity_20210617_714_Stress1_Programs2,NEGATIVE,1.513957977294922e-05,0.048,0.836,0.116,0.9667
CaliforniaCity_20210617_714_Stress2_Infection,NEGATIVE,0.0017502903938292,0.063,0.77,0.167,0.996
CaliforniaCity_20210623_1123_FULL,NEGATIVE,0.0001636743545532,0.122,0.676,0.202,0.9566
Calipatria_ 20210208_351_Full,NEGATIVE,0.0007538795471192,0.116,0.706,0.178,0.978
Calipatria_ 20210208_351_Stress,NEGATIVE,0.0008989572525024,0.093,0.779,0.128,0.6151
Calipatria_20210122_06_48_Family,NEGATIVE,7.545948028564453e-05,0.069,0.858,0.073,-0.3056
Calipatria_20210122_06_48_FULL,NEGATIVE,8.273124694824219e-05,0.042,0.794,0.163,0.9998
Calipatria_20210122_06_48_Infection,NEGATIVE,8.225440979003906e-06,0.098,0.732,0.17,0.9541
Calipatria_20210122_06_48_PrisonConditions1,NEGATIVE,0.0001641511917114,0.051,0.781,0.168,0.9965
Calipatria_20210122_06_48_PrisonConditions2,NEGATIVE,0.0001751780509947,0.04,0.818,0.142,0.9927
Calipatria_20210122_06_48_Stress_Programs,NEGATIVE,2.014636993397101e-05,0.041,0.837,0.122,0.968
Calipatria_20210124_314_FULL,NEGATIVE,2.777576446522101e-05,0.097,0.651,0.252,0.9987
Calipatria_20210124_314_Infections_Family,NEGATIVE,2.86102294921875e-06,0.131,0.701,0.168,0.963
Calipatria_20210125_313_FULL,NEGATIVE,0.0072024464607239,0.149,0.719,0.132,-0.9235
Calipatria_20210125_313_PrisonConditions_Infections,NEGATIVE,2.2172927856445312e-05,0.163,0.715,0.122,-0.976
Calipatria_20210127_335_Family_Stress,NEGATIVE,8.082389831542969e-05,0.106,0.776,0.118,0.0548
Calipatria_20210127_335_FULL,NEGATIVE,0.0918431878089903,0.103,0.719,0.178,0.9962
Calipatria_20210127_335_Infections,NEGATIVE,3.826618194580078e-05,0.081,0.809,0.11,0.5771
Calipatria_20210127_335_PrisonConditions_Stress_Feature,NEGATIVE,0.04318505525589,0.08,0.818,0.102,0.5687
Calipatria_20210129_309_FULL_Infection_Stress,NEGATIVE,0.0008425712585448,0.051,0.851,0.099,0.9557
Calipatria_20210129_369_FULL_PrisonConditions_Stress,NEGATIVE,5.149841308604852e-05,0.107,0.719,0.174,0.9892
Calipatria_20210201_374_FULL_Infection,NEGATIVE,0.0001109838485717,0.067,0.777,0.156,0.9796
Calipatria_20210201_376_FULL_Family_Programs,NEGATIVE,1.776218414317743e-05,0.082,0.769,0.149,0.989
Calipatria_20210203_383_FULL,POSITIVE,0.8975977301597595,0.194,0.673,0.133,-0.9985
Calipatria_20210203_383_PrisonConditions_Family,NEGATIVE,0.0068567991256713,0.172,0.736,0.092,-0.9896
Calipatria_20210203_384_FULL.docx,POSITIVE,0.8775772452354431,0.111,0.698,0.191,0.9324
Calipatria_20210203_384_FULL,POSITIVE,0.5744622349739075,0.113,0.708,0.18,0.906
Calipatria_20210203_384_FULL_Stress,NEGATIVE,0.1536785364151001,0.125,0.694,0.181,0.8777
Calipatria_20210203_384_PrisonConditionsStress,POSITIVE,0.7803024053573608,0.112,0.709,0.179,0.906
Calipatria_20210204_378_FULL_Infections_PrisonConditions_StressandCoping,NEGATIVE,1.2278556823619446e-05,0.065,0.787,0.148,0.9872
Calipatria_20210205_387_FULL,NEGATIVE,0.0037121772766112,0.15,0.705,0.145,0.1646
Calipatria_20210205_387_Infection_Stress,NEGATIVE,0.000174343585968,0.191,0.765,0.044,-0.9648
Calipatria_20210205_389a_full,NEGATIVE,0.0296452641487121,0.076,0.817,0.107,0.851
Calipatria_20210205_389b_full,NEGATIVE,2.956390380859375e-05,0.161,0.725,0.115,-0.986
Calipatria_20210205_390_FULL_PrisonConditions_Stress,NEGATIVE,7.092952728282587e-05,0.112,0.699,0.189,0.91
Calipatria_20210208_350_Full_Infection_Family,NEGATIVE,0.0098066926002502,0.122,0.668,0.211,0.9924
Calipatria_20210208_351_ prisonconditions_programs,NEGATIVE,5.4836273193359375e-05,0.128,0.699,0.172,0.9255
Calipatria_20210208_352_FULL,POSITIVE,0.576226532459259,0.054,0.793,0.153,0.9839
Calipatria_20210210_360_FULL,NEGATIVE,0.0077744722366331,0.079,0.702,0.219,0.9996
Calipatria_20210210_360_InfectionPrisonConditonsStress,NEGATIVE,0.0050834417343139,0.107,0.744,0.149,0.9505
Calipatria_20210211_445_FULL,NEGATIVE,0.0001217126846312,0.097,0.798,0.105,0.5676
Calipatria_20210211_445_FULL_Infections_Programs_PrisonConditions,NEGATIVE,0.0001612901687622,0.091,0.82,0.089,-0.5734
Calipatria_20210211_445_Infections_Programs,NEGATIVE,4.172325134388366e-06,0.103,0.75,0.147,0.8751
Calipatria_20210211_445_PrisonConditions,NEGATIVE,5.73396682740368e-05,0.089,0.871,0.04,-0.9633
Calipatria_20210212_436_Full,NEGATIVE,0.0009137392044068,0.074,0.804,0.122,0.9839
Calipatria_20210212_436_Stress_Family_PrisonConditions,NEGATIVE,2.765655517578125e-05,0.102,0.842,0.056,-0.7797
Calipatria_20210212_437_FULL,NEGATIVE,0.3025804162025451,0.059,0.837,0.103,0.9876
Calipatria_20210212_437_Stress,POSITIVE,0.9600316882133484,0.056,0.824,0.12,0.9754
Calipatria_20210216_418_FULL_Programms_Infection,NEGATIVE,1.4781951904407896e-05,0.06,0.788,0.152,0.9809
Calipatria_20210217_07_39_Family,NEGATIVE,1.2874603271595396e-05,0.062,0.757,0.181,0.9876
Calipatria_20210217_07_39_full,NEGATIVE,0.0030722022056579,0.067,0.725,0.208,0.9998
Calipatria_20210217_07_39_Infection,NEGATIVE,0.0095483064651488,0.048,0.804,0.148,0.9809
Calipatria_20210217_07_39_PrisonConditions,NEGATIVE,0.0003293752670288,0.032,0.818,0.15,0.9816
Calipatria_20210217_07_39_PrisonConditions2,NEGATIVE,0.1592970490455627,0.104,0.708,0.188,0.9945
Calipatria_20210222_3_32_FULL_PrisonConditions,NEGATIVE,7.510185241588196e-06,0.175,0.651,0.175,0.0
Calipatria_20210222_458_FULL_Infection_PrisonConditions,NEGATIVE,7.355213165283203e-05,0.081,0.75,0.168,0.9763
Calipatria_20210222_487a_FULL_Family_Programs_PrisonConditions,NEGATIVE,0.0002759099006651,0.103,0.737,0.16,0.9832
Calipatria_20210304_528_FULL_Infection_PrisonConditions,NEGATIVE,6.794929504394531e-05,0.073,0.882,0.045,-0.8253
Calipatria_20210304_533_FULL,NEGATIVE,0.0234611630439758,0.138,0.657,0.204,0.8628
Calipatria_20210312_658_Full,NEGATIVE,0.1316373348236084,0.079,0.763,0.158,0.9986
Calipatria_20210312_658_ProgramsPrisonConditions,NEGATIVE,1.7523765563964844e-05,0.064,0.806,0.13,0.9901
Calipatria_20210316_552_FULL,NEGATIVE,0.0302379131317139,0.137,0.693,0.17,0.997
Calipatria_20210316_552_PrisonConditions_Programs,POSITIVE,0.740132212638855,0.057,0.761,0.182,0.9953
Calipatria_20210316_553_FULL_Infection_Programs_PrisonConditions,NEGATIVE,0.0294929146766663,0.092,0.724,0.184,0.9663
Calipatria_20210323_644_Full.docx,NEGATIVE,0.0003924965858459,0.186,0.74,0.074,-0.9994
Calipatria_20210323_644_Full,NEGATIVE,0.000640332698822,0.179,0.747,0.074,-0.9993
Calipatria_20210323_644_PrisonConditions,NEGATIVE,0.0009430050849915,0.202,0.732,0.066,-0.9986
Calipatria_20210329_598_FULL,NEGATIVE,0.0017999410629272,0.102,0.743,0.155,0.9939
Calipatria_20210329_598_PrisonConditions,NEGATIVE,1.7166137695201478e-05,0.113,0.749,0.138,0.9661
Calipatria_20210401_605.docx,NEGATIVE,0.0036648511886595,0.073,0.813,0.114,0.99
Calipatria_20210401_605_Full,NEGATIVE,0.0003581047058104,0.073,0.812,0.114,0.99
Calipatria_20210401_605_Infection_PrisonConditions,NEGATIVE,6.496906280517578e-05,0.077,0.81,0.113,0.9376
Calipatria_20210401_605_PrisonConditions,NEGATIVE,0.0006767511367797,0.061,0.894,0.045,-0.6863
Calipatria_20210406_964_Family_Stress,NEGATIVE,8.583068847545228e-06,0.196,0.659,0.145,-0.9553
Calipatria_20210406_964_FULL,NEGATIVE,3.576278686412415e-06,0.116,0.729,0.156,0.9805
Calipatria_20210406_964_Stress_PrisonConditions,NEGATIVE,2.9802322387695312e-06,0.017,0.789,0.194,0.9928
Calipatria_20210503_1130_Family,NEGATIVE,5.245208740234375e-06,0.059,0.776,0.165,0.9968
Calipatria_20210503_1130_FULL,NEGATIVE,5.245208740234375e-06,0.059,0.776,0.165,0.9968
Calipatria_20210503_1130_prison Conditions,NEGATIVE,1.4185905456431946e-05,0.086,0.815,0.099,0.7389
Calipatria_20210503_1130_Stress,POSITIVE,0.8642805218696594,0.031,0.744,0.225,0.9947
Calipatria_20210629_1477_Family,NEGATIVE,0.0572382807731628,0.039,0.733,0.228,0.9947
Calipatria_20210629_1477_FULL,NEGATIVE,0.0034654140472412,0.028,0.734,0.238,0.9979
Calipatria_20210712_1492_FULL,NEGATIVE,0.0005100965499877,0.053,0.725,0.222,0.9884
Centinela_20201123_070_FULL,NEGATIVE,2.646446228038446e-05,0.076,0.865,0.059,-0.9006
Centinela_20201204_82_PrisonConditions,NEGATIVE,3.337860107421875e-06,0.154,0.769,0.077,-0.9949
Centinela_20210121_05_38_Family,NEGATIVE,0.3413466215133667,0.105,0.776,0.12,0.7596
Centinela_20210121_05_38_FULL,NEGATIVE,0.0013689398765563,0.085,0.729,0.187,0.9988
Centinela_20210121_05_38_Infection,NEGATIVE,0.0004951953887939,0.018,0.836,0.145,0.9883
Centinela_20210121_05_38_Prison Conditions,NEGATIVE,3.743171691894531e-05,0.116,0.722,0.162,0.8925
Centinela_20210223_452_Full,NEGATIVE,0.021906077861786,0.107,0.725,0.167,0.9957
Centinela_20210223_452_PrisonConditions_Infection,NEGATIVE,2.110004425037726e-05,0.101,0.784,0.115,0.2666
Centinela_20210223_452_Programs_Family,NEGATIVE,1.2278556823619446e-05,0.076,0.762,0.161,0.9876
Centinela_20210331_615_FULL,NEGATIVE,0.0018137097358703,0.055,0.783,0.163,0.9986
Centinela_20210331_615_Infection_Stress,NEGATIVE,0.1342872381210327,0.061,0.734,0.205,0.995
Centinela_20210331_615_Programs,NEGATIVE,1.3589859008789062e-05,0.028,0.926,0.046,0.7372
Centinela_20210412_57555_FULL,NEGATIVE,0.0001490116119383,0.031,0.846,0.123,0.9995
Centinela_20210412_57555_PrisonConditions,NEGATIVE,0.0079719424247741,0.03,0.892,0.078,0.8922
Centinela_20210412_57555_Programs,NEGATIVE,6.020069122314453e-05,0.028,0.897,0.075,0.9552
Centinela_20210412_57555_Programs2,NEGATIVE,0.0042874813079833,0.049,0.761,0.19,0.9954
Centinela_20210412_57555_Stress,NEGATIVE,0.0681304931640623,0.046,0.886,0.068,0.8012
Centinela_20210420_705_Full,NEGATIVE,1.0728836059570312e-05,0.09,0.749,0.161,0.9989
Centinela_20210420_705_PrisonConditions,NEGATIVE,0.0022652149200439,0.025,0.832,0.143,0.9887
Centinela_20210420_705_PrisonConditions_Family_Infection,NEGATIVE,1.7166137695201478e-05,0.131,0.75,0.119,-0.9108
Centinela_20210420_705_Stress_Family_PrisonConditions,NEGATIVE,0.0002304911613464,0.042,0.809,0.15,0.98
Centinela_20210420_705_Stress_Infection,NEGATIVE,2.574920654296875e-05,0.141,0.696,0.163,0.7147
Chino_20200430_72_Family,NEGATIVE,0.0001751780509947,0.113,0.833,0.054,-0.4588
Chino_20200430_72_FULL,NEGATIVE,0.000108003616333,0.094,0.842,0.064,-0.9494
Chino_20200430_72_infection,NEGATIVE,0.0001577138900755,0.098,0.838,0.064,-0.7152
Chino_20200430_72_prisonconditions,NEGATIVE,1.3828277588001647e-05,0.074,0.916,0.011,-0.9429
Chino_20200828_136_family,NEGATIVE,0.0032373666763305,0.0,1.0,0.0,0.0
Chino_20200828_136_FULL,POSITIVE,0.9370389580726624,0.066,0.677,0.257,0.9966
Chino_20200828_136_Prisonconditions,NEGATIVE,1.6927719116210938e-05,0.177,0.664,0.159,-0.3222
Chino_20201130_074_Full,NEGATIVE,0.000237762928009,0.157,0.751,0.092,-0.9992
Chino_20201130_074_PrisonConditions_Infection,NEGATIVE,0.0009272098541259,0.065,0.87,0.064,0.4926
Chino_20201130_074_Stress,NEGATIVE,0.000171422958374,0.126,0.784,0.09,-0.9246
Chino_20201130_97_FULL,POSITIVE,0.6362012028694153,0.076,0.787,0.137,0.9742
Chino_20201201_103_Full,POSITIVE,0.6810805201530457,0.05,0.735,0.215,0.9991
Chino_20201201_103_PrisonConditions,NEGATIVE,0.0012032985687255,0.12,0.805,0.074,-0.9207
Chino_20201201_103_Stress_Family,POSITIVE,0.9983647465705872,0.044,0.776,0.181,0.9936
Chino_20201201_104_FULL,NEGATIVE,0.0003806352615356,0.083,0.776,0.141,0.9871
Chino_20201201_104_Prison_Conditions1,NEGATIVE,0.0294710397720335,0.07,0.809,0.122,0.8891
Chino_20201201_104_Prison_Conditions2,NEGATIVE,4.9233436584361634e-05,0.097,0.772,0.131,0.8928
Chino_20201201_233_FULL,NEGATIVE,0.0016666054725648,0.128,0.815,0.057,-0.9996
Chino_20201201_233_Infection1,NEGATIVE,8.583068847545228e-06,0.099,0.886,0.014,-0.9905
Chino_20201201_233_Infection2,NEGATIVE,0.0003260374069213,0.083,0.877,0.04,-0.915
Chino_20201201_233_PrisonConditions1,NEGATIVE,0.0021240711212158,0.164,0.783,0.053,-0.9961
Chino_20201201_233_PrisonConditions2,NEGATIVE,3.3855438232421875e-05,0.058,0.912,0.03,-0.8774
Chino_20201201_233_Stress_PrisonConditions,NEGATIVE,5.221366882324219e-05,0.1,0.798,0.102,-0.6319
Chino_20201205_92_Family,NEGATIVE,0.0144510865211487,0.0,0.926,0.074,0.6249
Chino_20201205_92_FULL,NEGATIVE,0.0001112222671507,0.101,0.801,0.098,-0.9615
Chino_20201205_92_PrisonConditions1,NEGATIVE,0.0002139210700987,0.0,0.946,0.054,0.7748
Chino_20201205_92_PrisonConditions2,NEGATIVE,1.7523765563964844e-05,0.062,0.858,0.08,0.7906
Chino_20201205_92_Stress,NEGATIVE,1.1920928955189147e-05,0.106,0.857,0.037,-0.9371
Chino_20201208_05_53_FULL,NEGATIVE,4.458427429199219e-05,0.102,0.845,0.052,-0.9986
Chino_20201208_05_53_Infection,NEGATIVE,7.152557373046875e-06,0.031,0.908,0.061,0.4641
Chino_20201208_05_53_PrisonConditions,NEGATIVE,0.0024662017822265,0.058,0.851,0.091,0.9815
Chino_20201208_05_53_PrisonConditions2,NEGATIVE,4.458427429199219e-05,0.075,0.894,0.031,-0.9673
Chino_20201208_05_53_Stress,NEGATIVE,1.800060272216797e-05,0.174,0.813,0.013,-0.9756
Chino_20201208_05_53_Stress2,NEGATIVE,5.459785461436884e-05,0.093,0.824,0.084,0.2515
Chino_20201209_05_35_FULL_PrisonConditions,NEGATIVE,7.331371307361945e-05,0.212,0.788,0.0,-0.8658
Chino_20201209_139_FullPrograms,POSITIVE,0.911576211452484,0.04,0.84,0.12,0.9093
Chino_20201209_5_35_FULL_PrisonConditions,NEGATIVE,3.147125244140625e-05,0.319,0.681,0.0,-0.9274
Chino_20201211_0615_Family_Stress,POSITIVE,0.9786648154258728,0.066,0.693,0.241,0.9627
Chino_20201211_0615_FULL,NEGATIVE,9.34600830078125e-05,0.108,0.815,0.077,-0.978
Chino_20201211_0615_Infection,NEGATIVE,0.2494706511497497,0.055,0.816,0.129,0.9648
Chino_20201211_0615_PrisonConditions,NEGATIVE,2.9087066650390625e-05,0.111,0.85,0.04,-0.9929
Chino_20201213_137_FULL_Infection_Stress,NEGATIVE,0.0007275938987731,0.139,0.767,0.095,-0.971
Chino_20201214_138_FULL_Programs_PrisonConditions,NEGATIVE,0.0001434087753295,0.053,0.837,0.11,0.9819
Chino_20201214_140_FULL,NEGATIVE,0.001245141029358,0.134,0.787,0.078,-0.9986
Chino_20201214_140_Prison Conditions,NEGATIVE,1.966953277598993e-05,0.136,0.795,0.069,-0.9669
Chino_20201216_06_02_Family,NEGATIVE,0.0002117753028869,0.106,0.793,0.101,0.3222
Chino_20201216_06_02_FULL,NEGATIVE,0.0001084804534912,0.069,0.815,0.116,0.9988
Chino_20201216_06_02_Infection,NEGATIVE,0.0017262697219847,0.054,0.804,0.142,0.9906
Chino_20201216_06_02_PrisonConditions,NEGATIVE,0.0001915097236632,0.066,0.823,0.111,0.9923
Chino_20201218_174_FULL,NEGATIVE,0.0011869668960572,0.045,0.846,0.109,0.9608
Chino_20201218_206_Full_PrisonConditions,NEGATIVE,2.849102020263672e-05,0.134,0.748,0.119,-0.3247
Chino_20201223_207_FULL,NEGATIVE,0.0001471042633055,0.121,0.814,0.064,-0.9951
Chino_20201223_207_Infections,NEGATIVE,4.887580871582031e-06,0.146,0.8,0.054,-0.9861
Chino_20201223_207_programs,NEGATIVE,0.0074174404144288,0.075,0.881,0.044,-0.7665
Chino_20201223_207_Stress,NEGATIVE,0.0026598572731018,0.168,0.733,0.099,-0.9627
Chino_20201223_208_Full,NEGATIVE,0.0004437565803527,0.098,0.759,0.143,0.9861
Chino_20201223_209_FULL.docx,NEGATIVE,8.296966552723273e-05,0.072,0.822,0.106,0.9877
Chino_20201223_209_FULL,NEGATIVE,9.620189666759148e-05,0.084,0.817,0.099,0.9587
Chino_20201223_209_PrisonConditions_Infection,NEGATIVE,3.838539123535156e-05,0.133,0.766,0.101,-0.6611
Chino_20201223_209_Programs_Infection,NEGATIVE,0.0002487301826475,0.039,0.899,0.062,0.4889
Chino_20201223_209_Programs_PrisonConditions_Infection,NEGATIVE,2.348423004161493e-05,0.066,0.866,0.068,0.5327
Chino_20201228_178_Full_PrisonConditions_Infection,NEGATIVE,3.933906555175781e-06,0.21,0.711,0.079,-0.9937
Chino_20201231_186_FULL,NEGATIVE,0.3917282819747925,0.142,0.74,0.117,-0.9921
Chino_20201231_186_Infections_PrisonConditions_A,NEGATIVE,0.0006860494613647,0.094,0.755,0.151,0.974
Chino_20201231_186_PrisonConditions_B,NEGATIVE,5.173683166503906e-05,0.174,0.708,0.118,-0.9712
Chino_20201231_186_PrisonConditions_C,NEGATIVE,1.847743988037109e-05,0.161,0.748,0.091,-0.9763
Chino_20201231_186_Stress_Family,NEGATIVE,2.884864807117804e-05,0.208,0.708,0.084,-0.9615
Chino_20201231_201_FULL,NEGATIVE,0.0031607151031494,0.1,0.726,0.175,0.9987
Chino_20201231_201_Infection,NEGATIVE,5.424022674560547e-05,0.148,0.714,0.137,-0.0
Chino_20201231_201_Infection_Stress,NEGATIVE,7.843971252441406e-05,0.118,0.763,0.119,-0.4373
Chino_20201231_201_PrisonConditions,NEGATIVE,4.410743713378906e-05,0.086,0.85,0.064,-0.5849
Chino_20201231_201_Programs,POSITIVE,0.9959638118743896,0.022,0.82,0.158,0.9287
Chino_20201231_201_Stress,NEGATIVE,0.0001447200775146,0.148,0.749,0.103,-0.8136
Chino_20210106_249_Full_Family,POSITIVE,0.9619230628013612,0.044,0.84,0.116,0.8565
Chino_20210312_659_FULL_PrisonConditions_Stress,NEGATIVE,8.022785186756476e-05,0.131,0.777,0.092,-0.9348
Chino_20211209_113_Full_ programs_PrisonConditions,NEGATIVE,0.039278507232666,0.03,0.791,0.179,0.9778
Chino_20220204_15904_FULL,NEGATIVE,0.067697823047638,0.041,0.787,0.172,0.9958
Chino_20220204_15904_Infection,NEGATIVE,0.1046881675720214,0.033,0.825,0.142,0.9894
Chino_20220204_43800_Family_Stress,NEGATIVE,8.559226989757196e-05,0.038,0.807,0.155,0.9887
Chino_20220204_43800_FULL,POSITIVE,0.6017486453056335,0.065,0.707,0.228,0.9999
Chino_20220204_43800_Infection_Family_Featured,NEGATIVE,0.0280752182006835,0.044,0.695,0.261,0.9995
Chino_20220204_43800_Infection_Programs,NEGATIVE,0.0004962682724,0.047,0.73,0.222,0.9871
Chino_20220204_45125_FULL,NEGATIVE,0.3954995274543762,0.042,0.838,0.12,0.9991
Chino_20220204_45125_Infection1_PrisonConditions1,NEGATIVE,0.1274990439414978,0.016,0.936,0.049,0.9283
Chino_20220204_45125_Infection2_Stress2_Family,NEGATIVE,0.0043358206748962,0.046,0.81,0.144,0.9929
Chino_20220204_45125_Stress1_PrisonConditions2,NEGATIVE,4.196166992198602e-05,0.056,0.844,0.1,0.9735
Chino_20220204_68596_FULL,NEGATIVE,0.0020122528076171,0.043,0.753,0.204,0.9998
Chino_20220204_68596_Infection1,NEGATIVE,0.0342544317245484,0.053,0.794,0.153,0.9855
Chino_20220204_68596_Infection2_Family_Stress,NEGATIVE,0.0020122528076171,0.052,0.798,0.15,0.9941
Chino_20220204_68596_PrisonConditions,NEGATIVE,0.0016790032386779,0.022,0.707,0.271,0.9975
Chino_20220204_94412_Family2_PrisonConditions2,NEGATIVE,0.0001405477523803,0.067,0.797,0.137,0.9828
Chino_20220204_94412_FULL,NEGATIVE,0.0003751516342164,0.074,0.771,0.155,0.9995
Chino_20220204_94412_Infection2_PrisonConditions,NEGATIVE,2.86102294921875e-05,0.034,0.8,0.167,0.9961
Chino_20220204_94412_Infection_Family_Featured,NEGATIVE,0.00039941072464,0.118,0.814,0.069,-0.9439
Chino_20220204_94412_PrisonConditions3_Stress_Featured2,NEGATIVE,1.4305114745982728e-05,0.081,0.803,0.116,0.9519
Chowchilla_ 20210201_373_FULL,NEGATIVE,0.0604980587959289,0.109,0.769,0.122,0.5986
Chowchilla_122120_193_FuLL,NEGATIVE,0.0334500074386595,0.194,0.755,0.051,-0.9928
Chowchilla_122120_193_Prisonconditons,NEGATIVE,0.0009347796440124,0.232,0.726,0.042,-0.9606
Chowchilla_122120_193_Stress,NEGATIVE,0.3255608081817627,0.161,0.78,0.058,-0.9399
Chowchilla_20201123_069_Full,POSITIVE,0.6654576063156128,0.064,0.802,0.134,0.9863
Chowchilla_20201124_062_Family,NEGATIVE,7.033348083607116e-06,0.053,0.8,0.147,0.9135
Chowchilla_20201124_062_FULL,NEGATIVE,5.006790161243835e-06,0.045,0.802,0.153,0.996
Chowchilla_20201124_062_Programs,NEGATIVE,1.9073486328125e-06,0.064,0.849,0.087,0.7113
Chowchilla_20201124_062_Stress,NEGATIVE,0.1424586176872253,0.027,0.837,0.136,0.9601
Chowchilla_20201204_84_FULL,NEGATIVE,7.62939453125e-06,0.246,0.633,0.121,-0.9846
Chowchilla_20201207_128_FULL,NEGATIVE,6.699562072765008e-05,0.084,0.807,0.109,0.8489
Chowchilla_20201208_117_full,NEGATIVE,0.0098413825035096,0.051,0.604,0.345,0.9843
Chowchilla_20201208_117_Infection,NEGATIVE,0.1187857389450073,0.033,0.635,0.331,0.9623
Chowchilla_20201209_118_Full,NEGATIVE,0.0021659731864928,0.113,0.802,0.085,-0.9838
Chowchilla_20201209_118_Infection,NEGATIVE,0.0001037120819091,0.096,0.876,0.028,-0.9749
Chowchilla_20201209_118_PrisonConditions,NEGATIVE,0.037403166294098,0.139,0.757,0.104,-0.9383
Chowchilla_20201209_118_Stress,NEGATIVE,0.0001530647277832,0.122,0.813,0.065,-0.9159
Chowchilla_20201209_121_Full_Family_PrisonConditions,NEGATIVE,1.0490417480357728e-05,0.08,0.809,0.111,0.9375
Chowchilla_20201217_204_FULL,POSITIVE,0.9989598989486694,0.062,0.751,0.187,0.9962
Chowchilla_20201217_204_Stress,POSITIVE,0.9990845918655396,0.071,0.775,0.155,0.9853
Chowchilla_20201218_173_FULL_PrisonConditions_Stress_Family,NEGATIVE,0.0015377998352051,0.069,0.776,0.155,0.9881
Chowchilla_20201221_147_Family,NEGATIVE,0.1770261526107788,0.075,0.821,0.103,0.5307
Chowchilla_20201221_147_FULL,NEGATIVE,0.001139521598816,0.068,0.827,0.106,0.9742
Chowchilla_20201221_147_PrisonConditions,NEGATIVE,0.0268861651420592,0.071,0.782,0.147,0.9214
Chowchilla_20201221_147_Programs,NEGATIVE,5.09023666381836e-05,0.054,0.885,0.062,0.4037
Chowchilla_20201221_193_FULL,NEGATIVE,0.0169242620468139,0.181,0.776,0.042,-0.9926
Chowchilla_20201221_193_FULL_PrisonConditions_Stress,NEGATIVE,0.0169242620468139,0.181,0.776,0.042,-0.9926
Chowchilla_20201221_193_PrisonConditions,NEGATIVE,0.000176727771759,0.198,0.766,0.036,-0.96
Chowchilla_20201221_193_Stress,NEGATIVE,0.0530715584754943,0.136,0.808,0.056,-0.9163
Chowchilla_20201222_189_FULL_Stress,NEGATIVE,0.1260401606559753,0.033,0.799,0.167,0.9978
Chowchilla_20201223_218_FULL.docx,NEGATIVE,0.0008029341697691,0.14,0.813,0.048,-0.9953
Chowchilla_20201223_218_FULL,NEGATIVE,0.0002333521842956,0.141,0.811,0.048,-0.9953
Chowchilla_20201223_218_Stress_PrisonConditions2,NEGATIVE,7.987022400013366e-06,0.189,0.788,0.023,-0.9956
Chowchilla_20201224_212_Full_PrisonConditions_Infection_Stress,NEGATIVE,6.103515625e-05,0.246,0.687,0.066,-0.994
Chowchilla_20201228_148_FULL,NEGATIVE,0.0001606941223144,0.084,0.802,0.114,0.93
Chowchilla_20201228_148_Infection,NEGATIVE,1.5616416931152344e-05,0.066,0.746,0.188,0.9731
Chowchilla_20201228_148_PrisonConditions,NEGATIVE,0.0001394748687744,0.054,0.907,0.039,-0.34
Chowchilla_20201228_177_Full,NEGATIVE,0.043606460094452,0.059,0.785,0.157,0.988
Chowchilla_20201228_177_PrisonConditions,NEGATIVE,0.0170052051544189,0.05,0.907,0.043,-0.2263
Chowchilla_20201228_177_Stress,NEGATIVE,0.0011211037635804,0.07,0.714,0.217,0.9884
Chowchilla_20210104_248_full,NEGATIVE,0.0023714900016783,0.047,0.856,0.098,0.9838
Chowchilla_20210111_262_FULL_Infection,NEGATIVE,0.0001012086868286,0.08,0.832,0.088,0.7755
Chowchilla_20210114_270_Full,NEGATIVE,5.00679016112171e-05,0.095,0.772,0.133,0.9868
Chowchilla_20210114_270_PrisonConditions,NEGATIVE,1.823902130115851e-05,0.04,0.803,0.156,0.9905
Chowchilla_20210114_270_PrisonConditions2,NEGATIVE,7.081031799316406e-05,0.123,0.773,0.103,-0.7988
Chowchilla_20210114_270_Stress_PrisonConditions,NEGATIVE,5.7220458984375e-06,0.08,0.873,0.048,-0.8292
Chowchilla_20210121_324_FULL,NEGATIVE,1.3589859008789062e-05,0.075,0.821,0.104,0.7615
Chowchilla_20210121_324_FULL_PrisonConditions,NEGATIVE,2.026557922363281e-05,0.074,0.824,0.103,0.7615
Chowchilla_20210121_324_Prison_Conditions,NEGATIVE,2.229213714599609e-05,0.082,0.879,0.039,-0.7003
Chowchilla_20210216_424_FULL,NEGATIVE,1.4901161193847656e-05,0.064,0.874,0.061,0.8259
Chowchilla_20210216_424_Infection,NEGATIVE,1.0013580322376647e-05,0.074,0.911,0.015,-0.958
Chowchilla_20210216_424_PrisonConditions,NEGATIVE,2.86102294921875e-06,0.077,0.873,0.05,-0.9514
Chowchilla_20210324_640_FULL_PrisonConditions_Infection,NEGATIVE,1.3351440429576478e-05,0.17,0.69,0.139,-0.9171
Chowchilla_20210326_801_FULL,NEGATIVE,1.0609626770019531e-05,0.068,0.862,0.07,0.4723
Chowchilla_20210326_801_PrisonConditions,NEGATIVE,1.704692840576172e-05,0.069,0.907,0.024,-0.9787
Chowchilla_20210326_801_PrisonConditons2,NEGATIVE,1.5020370483398438e-05,0.043,0.876,0.081,0.9696
Chowchilla_20210326_801_PrisonConditons3_Infection2_Programs,NEGATIVE,1.0371208190806946e-05,0.057,0.925,0.018,-0.9401
Chowchilla_20210326_801_Stress_Infection3_Family,NEGATIVE,7.486343383800165e-05,0.069,0.787,0.145,0.9906
Chowchilla_20210405_960_Full_Stress,POSITIVE,0.8401389122009277,0.153,0.671,0.176,0.8818
Chowchilla_20210514_09_19_Family_Stress,NEGATIVE,0.000393569469452,0.045,0.756,0.199,0.9974
Chowchilla_20210514_09_19_FULL,NEGATIVE,0.0005106925964355,0.038,0.815,0.146,0.9997
Chowchilla_20210514_09_19_Infection_Programs_Family,NEGATIVE,0.0004664659500122,0.04,0.846,0.114,0.9951
Chowchilla_20210514_09_19_Stress,NEGATIVE,0.0023447275161744,0.009,0.896,0.095,0.984
Chowchilla_20210913_92441_FULL,NEGATIVE,0.0009132623672484,0.074,0.8,0.126,0.999
Chowchilla_20210913_92441_PrisonConditions4_Infection,NEGATIVE,0.0012346506118774,0.087,0.858,0.056,-0.9339
Chowchilla_20210913_92441_PrisonConditions5_Infection2,NEGATIVE,4.005432128917352e-05,0.14,0.821,0.039,-0.9834
Chowchilla_20210913_92441_PrisonConditions_Stress,NEGATIVE,0.004657506942749,0.089,0.83,0.082,-0.8277
Chowchilla_20210913_92441_Stress2_PrisonConditions2_Programs,NEGATIVE,0.0852808952331544,0.05,0.745,0.205,0.9956
Chowchilla_20210913_92441_Stress3_PrisonConditions3_Programs2,NEGATIVE,0.0203899145126343,0.096,0.832,0.072,-0.8012
Chuckawalla_20201105_06_41_Family,NEGATIVE,0.0004993677139282,0.116,0.752,0.132,0.501
Chuckawalla_20201105_06_41_FULL,NEGATIVE,5.5551528930775085e-05,0.086,0.793,0.122,0.9976
Chuckawalla_20201105_06_41_Infection,NEGATIVE,3.3020973205566406e-05,0.101,0.826,0.073,-0.7365
Chuckawalla_20201105_06_41_PrisonConditions,NEGATIVE,0.0001068115234376,0.111,0.806,0.083,-0.8712
Chuckawalla_20201105_06_41_PrisonConditions2,NEGATIVE,6.0796737670787415e-05,0.08,0.837,0.083,-0.7777
Chuckawalla_20201105_06_41_PrisonConditions3,NEGATIVE,0.00023752450943,0.075,0.788,0.137,0.9785
Chuckawalla_20201105_0728_Family,NEGATIVE,8.594989776600226e-05,0.088,0.786,0.126,0.9046
Chuckawalla_20201105_0728_FULL,NEGATIVE,0.0001149177551269,0.139,0.76,0.101,-0.9974
Chuckawalla_20201105_0728_PrisonConditions,NEGATIVE,0.0002368092536926,0.13,0.811,0.059,-0.9816
Chuckawalla_20201105_0728_PrisonConditions2,NEGATIVE,0.0001176595687866,0.065,0.758,0.177,0.9957
Chuckawalla_20201105_0728_PrisonConditions3,NEGATIVE,0.0470629930496215,0.036,0.892,0.072,0.9121
Chuckawalla_20201106_05_42_Family,NEGATIVE,0.0003210306167603,0.046,0.894,0.061,0.435
Chuckawalla_20201106_05_42_FULL,NEGATIVE,0.0003703832626343,0.033,0.873,0.094,0.9983
Chuckawalla_20201106_05_42_PrisonConditions,NEGATIVE,0.000573754310608,0.065,0.832,0.103,0.9664
Chuckawalla_20201106_05_42_PrisonConditions2,NEGATIVE,0.001416802406311,0.031,0.899,0.07,0.9784
Chuckawalla_20201106_05_42_Programs,NEGATIVE,4.804134368896485e-05,0.03,0.909,0.061,0.5994
Chuckawalla_20201106_05_42_Stress,NEGATIVE,0.0182195305824279,0.0,0.928,0.072,0.5574
Chuckawalla_20201106_07_07_FULL,NEGATIVE,0.0002253651618957,0.079,0.807,0.114,0.9962
Chuckawalla_20201106_07_07_PrisonConditions,NEGATIVE,0.0006656050682067,0.159,0.777,0.064,-0.9818
